Time(s);Current(A)
1.05000e-05;-0.0032650941438873413
1.05002e-05;-0.00325358330730603
1.05005e-05;-0.003242072470724641
1.05008e-05;-0.0032311705719486497
1.05010e-05;-0.0032203155416802927
1.05013e-05;-0.003209460511411862
1.05015e-05;-0.003199537480272088
1.05017e-05;-0.0031896861829085158
1.05020e-05;-0.0031812159853129574
1.05023e-05;-0.0031728520877111937
1.05025e-05;-0.003164488190109487
1.05028e-05;-0.00315828951680365
1.05030e-05;-0.0031522574957082946
1.05033e-05;-0.0031462254746129396
1.05035e-05;-0.0031432361728048704
1.05038e-05;-0.0031404810619284343
1.05040e-05;-0.003137725951051998
1.05043e-05;-0.003134970840175581
1.05045e-05;-0.0031339545300278636
1.05048e-05;-0.0031352569846484673
1.05050e-05;-0.003136559439269062
1.05053e-05;-0.0031378618938896654
1.05055e-05;-0.003139164348510269
1.05058e-05;-0.003143003443456249
1.05060e-05;-0.0031470377776290537
1.05063e-05;-0.003151072111801859
1.05065e-05;-0.003154781032404332
1.05068e-05;-0.005912108963910513
1.05070e-05;-0.015116202578004025
1.05073e-05;-0.017044243118693292
1.05075e-05;-0.015279949547125108
1.05078e-05;-0.011965319170829738
1.05080e-05;-0.004859702498863677
1.05083e-05;-0.0020064927093354458
1.05085e-05;-0.0024159996878265534
1.05087e-05;-0.0038869101939187885
1.05090e-05;-0.009446863128374283
1.05093e-05;-0.01171655726615327
1.05095e-05;-0.010214756783622226
1.05098e-05;-0.008388193328302563
1.05100e-05;-0.005181317020885128
1.05102e-05;-0.0009383840371016681
1.05105e-05;-0.0010973842529587382
1.05108e-05;-0.0022287346969515334
1.05110e-05;-0.004927431284759001
1.05113e-05;-0.007503439917695429
1.05115e-05;-0.007827122353805347
1.05118e-05;-0.006584075016527771
1.05120e-05;-0.0044044280918632
1.05123e-05;-0.0023329527475545175
1.05125e-05;-0.001700606345748101
1.05128e-05;-0.002328367670846033
1.05130e-05;-0.004031121692786412
1.05133e-05;-0.005654861858560584
1.05135e-05;-0.005865878096086131
1.05138e-05;-0.0050939322162146085
1.05140e-05;-0.0037339835742748423
1.05143e-05;-0.0024406543477781136
1.05145e-05;-0.002047749306256323
1.05148e-05;-0.0024431768251864
1.05150e-05;-0.003511025979372742
1.05153e-05;-0.004528501674522549
1.05155e-05;-0.004660303418773955
1.05158e-05;-0.0041757860325728315
1.05160e-05;-0.0033224723649231147
1.05163e-05;-0.0025105024808132087
1.05165e-05;-0.002262207571619985
1.05168e-05;-0.002507385559280133
1.05170e-05;-0.0031734449616503085
1.05172e-05;-0.003807662210571637
1.05175e-05;-0.003886883244541767
1.05178e-05;-0.0035799217379298685
1.05180e-05;-0.0030418985417771083
1.05183e-05;-0.0025297773462932154
1.05185e-05;-0.0023707696851365105
1.05187e-05;-0.0025209106335022068
1.05190e-05;-0.002934741146234646
1.05193e-05;-0.003328702123315651
1.05195e-05;-0.0033751435532759157
1.05198e-05;-0.0031798728541985585
1.05200e-05;-0.0028401099490239314
1.05203e-05;-0.0025168567625558826
1.05205e-05;-0.0024151008393237926
1.05208e-05;-0.0025073167278036224
1.05210e-05;-0.002765045369845697
1.05213e-05;-0.0030106912446653364
1.05215e-05;-0.003039057446252623
1.05218e-05;-0.0029164700923863685
1.05220e-05;-0.0027038705225970695
1.05223e-05;-0.0025021438028583858
1.05225e-05;-0.002439208785990438
1.05228e-05;-0.0024963701212560086
1.05230e-05;-0.0026543752796367418
1.05233e-05;-0.0028015404788086715
1.05235e-05;-0.0028094601244006206
1.05238e-05;-0.002719874488230113
1.05240e-05;-0.0025711476577340905
1.05243e-05;-0.0024266590039154906
1.05245e-05;-0.002366715930666576
1.05248e-05;-0.0023797830511379557
1.05250e-05;-0.0024539772703942586
1.05253e-05;-0.0025195204533679776
1.05255e-05;-0.002496166825493332
1.05257e-05;-0.002410252013561755
1.05260e-05;-0.002285994617256891
1.05263e-05;-0.0021632796091087068
1.05265e-05;-0.0020925916582890235
1.05268e-05;-0.0020668835089003835
1.05270e-05;-0.0020788906017744704
1.05272e-05;-0.0020850846894467554
1.05275e-05;-0.0020353856811798007
1.05278e-05;-0.0019464775526832699
1.05280e-05;-0.0018337157902246308
1.05283e-05;-0.0017222683798249878
1.05285e-05;-0.0016439398366363438
1.05288e-05;-0.001594495431836608
1.05290e-05;-0.0015695650465310917
1.05293e-05;-0.001542064455449109
1.05295e-05;-0.0014808077285394705
1.05298e-05;-0.001396430902710321
1.05300e-05;-0.0012987372177611577
1.05303e-05;-0.0012036748499203124
1.05305e-05;-0.001131347859238409
1.05308e-05;-0.0010792841762282267
1.05310e-05;-0.0010449274523962088
1.05313e-05;-0.001011493975163484
1.05315e-05;-0.0009596326071736401
1.05318e-05;-0.0008961896569598624
1.05320e-05;-0.0008274894802743121
1.05323e-05;-0.0007637039084825182
1.05325e-05;-0.0007172936275216833
1.05328e-05;-0.0006859312640295658
1.05330e-05;-0.0006671213877691988
1.05333e-05;-0.0006499503946468133
1.05335e-05;-0.0006222058783180056
1.05338e-05;-0.0005881199840175692
1.05340e-05;-0.000551597548222635
1.05342e-05;-0.0005189530051040145
1.05345e-05;-0.0004979337788042963
1.05348e-05;-0.00048702386666299306
1.05350e-05;-0.0004846021354276181
1.05353e-05;-0.0004837746629962551
1.05355e-05;-0.00047683462667742424
1.05357e-05;-0.00046637638118882525
1.05360e-05;-0.00045478886753588235
1.05363e-05;-0.00044597020294311453
1.05365e-05;-0.0004447156905351395
1.05368e-05;-0.0004500178772118298
1.05370e-05;-0.0004608035622067532
1.05373e-05;-0.0004726968664095538
1.05375e-05;-0.0004808131938672863
1.05378e-05;-0.0004867206988659029
1.05380e-05;-0.0004918587442360223
1.05383e-05;-0.0004986118072976892
1.05385e-05;-0.0005099262771387038
1.05388e-05;-0.0005251133789480533
1.05390e-05;-0.0005434433482959234
1.05393e-05;-0.0005621177399123895
1.05395e-05;-0.0005780198322825818
1.05398e-05;-0.0005920747657991444
1.05400e-05;-0.0006051270505732564
1.05403e-05;-0.000618613214992162
1.05405e-05;-0.0006343214397630437
1.05408e-05;-0.0006517628632759539
1.05410e-05;-0.0006704229408939829
1.05413e-05;-0.0006884915436672904
1.05415e-05;-0.0007039591733595506
1.05418e-05;-0.0007173482839087817
1.05420e-05;-0.0007291308581623427
1.05423e-05;-0.0007401504456300503
1.05425e-05;-0.0007518118663885955
1.05427e-05;-0.0007647524991637071
1.05430e-05;-0.0007796056200691104
1.05433e-05;-0.0007955592942830336
1.05435e-05;-0.0008113105216010807
1.05438e-05;-0.0008271026644421757
1.05440e-05;-0.000843147358299843
1.05442e-05;-0.0008598890916531839
1.05445e-05;-0.0008781236139104925
1.05448e-05;-0.0008981661087041966
1.05450e-05;-0.0009203291584066918
1.05453e-05;-0.0009440198891987661
1.05455e-05;-0.0009683381042758501
1.05458e-05;-0.0009933521574180192
1.05460e-05;-0.0010191106056461842
1.05463e-05;-0.0010458076279523654
1.05465e-05;-0.0010738577803872137
1.05468e-05;-0.0011033742890241604
1.05470e-05;-0.0011349298683670345
1.05473e-05;-0.0011667517637577835
1.05475e-05;-0.0011993767997132481
1.05478e-05;-0.0012325012740149461
1.05480e-05;-0.0012660053330887553
1.05483e-05;-0.001299926519665736
1.05485e-05;-0.0013346912999991894
1.05488e-05;-0.0013695696214568436
1.05490e-05;-0.0014051920948914274
1.05493e-05;-0.0014410465731897518
1.05495e-05;-0.0014766069283613994
1.05498e-05;-0.001511763326153427
1.05500e-05;-0.0015463980571775197
1.05503e-05;-0.0015804508008403077
1.05505e-05;-0.0016139473478058379
1.05508e-05;-0.001646795412789483
1.05510e-05;-0.0016789020838342183
1.05512e-05;-0.0017099520618581523
1.05515e-05;-0.0017395543672277664
1.05518e-05;-0.0017675561939695008
1.05520e-05;-0.0017937999436451013
1.05523e-05;-0.0018181635114048972
1.05525e-05;-0.0018405144280033495
1.05527e-05;-0.0018605507416830027
1.05530e-05;-0.0018780439046913917
1.05533e-05;-0.0018928116317219344
1.05535e-05;-0.0019047141396968843
1.05538e-05;-0.0019125335072218497
1.05540e-05;-0.0019198183124005167
1.05543e-05;-0.0019209922256232812
1.05545e-05;-0.0019212882697866858
1.05548e-05;-0.0019215843139500923
1.05550e-05;-0.00191441613867849
1.05553e-05;-0.0019061756801230078
1.05555e-05;-0.0018979352215674696
1.05558e-05;-0.0018837306045318947
1.05560e-05;-0.0018686691976476542
1.05563e-05;-0.0018493555737307292
1.05565e-05;-0.0018294310914000493
1.05568e-05;-0.0018056120898753542
1.05570e-05;-0.0017812336155392367
1.05573e-05;-0.0017533314510429158
1.05575e-05;-0.0017249230857189688
1.05578e-05;-0.0016935661053450748
1.05580e-05;-0.0016617855373935743
1.05583e-05;-0.0016277478797952698
1.05585e-05;-0.0015933859767052398
1.05588e-05;-0.0015573913774060695
1.05590e-05;-0.0015211622307618419
1.05593e-05;-0.0014839330265154127
1.05595e-05;-0.001446560157541651
1.05597e-05;-0.001408904357110601
1.05600e-05;-0.0013712944351313323
1.05603e-05;-0.0013339943796420767
1.05605e-05;-0.0012972429601767828
1.05608e-05;-0.0012612529436762374
1.05610e-05;-0.0012262481719296575
1.05612e-05;-0.0011924597984798277
1.05615e-05;-0.0011608900352233324
1.05618e-05;-0.0011296165142060492
1.05620e-05;-0.001101859863270683
1.05623e-05;-0.0010746084334148595
1.05625e-05;-0.0010502535009953207
1.05628e-05;-0.0010275283376841215
1.05630e-05;-0.0010057608676724708
1.05633e-05;-0.0009841059297904945
1.05635e-05;-0.0009636443274758933
1.05638e-05;-0.0009433541555156621
1.05640e-05;-0.0009248786333460453
1.05643e-05;-0.0009066637973278853
1.05645e-05;-0.000890306338382219
1.05648e-05;-0.0008742157036376047
1.05650e-05;-0.0008588202418499776
1.05653e-05;-0.0008435246461433304
1.05655e-05;-0.0008282290504365794
1.05658e-05;-0.0008139089464775222
1.05660e-05;-0.0007997289782024885
1.05663e-05;-0.0007860973384669948
1.05665e-05;-0.0007733819680727053
1.05668e-05;-0.000760666597678502
1.05670e-05;-0.0007484306041415623
1.05673e-05;-0.0007362634761833738
1.05675e-05;-0.0007240963482252679
1.05678e-05;-0.0007128056851563502
1.05680e-05;-0.000701640931924199
1.05682e-05;-0.0006904761786921234
1.05685e-05;-0.0006793114254599721
1.05688e-05;-0.0006691656377333479
1.05690e-05;-0.0006591662309765825
1.05693e-05;-0.0006491668242197493
1.05695e-05;-0.0006391674174629161
1.05697e-05;-0.0006299674273724416
1.05700e-05;-0.0006208822786442995
1.05703e-05;-0.0006117971299161573
1.05705e-05;-0.0006037418469431123
1.05708e-05;-0.0005958345108310005
1.05710e-05;-0.0005879271747188887
1.05713e-05;-0.0005806899113004011
1.05715e-05;-0.000573548908148094
1.05718e-05;-0.000566918011225794
1.05720e-05;-0.0005607714822092873
1.05723e-05;-0.0005551493517198282
1.05725e-05;-0.0005504239826867896
1.05728e-05;-0.0005475414325113283
1.05730e-05;-0.0005473969364133375
1.05733e-05;-0.0005502558907047988
1.05735e-05;-0.0005560339682821947
1.05738e-05;-0.0005646105473946201
1.05740e-05;-0.0005758648401190718
1.05743e-05;-0.0005896769234812636
1.05745e-05;-0.0006061213274505828
1.05748e-05;-0.0006256318311654953
1.05750e-05;-0.0006486103631589998
1.05753e-05;-0.000675064343632363
1.05755e-05;-0.0007047819678788761
1.05758e-05;-0.0007375288620397819
1.05760e-05;-0.0007741773816405875
1.05763e-05;-0.0008113322629242284
1.05765e-05;-0.000852852325148657
1.05767e-05;-0.0008949994737817471
1.05770e-05;-0.0009406048856294534
1.05773e-05;-0.0009888725759572246
1.05775e-05;-0.0010393492159041734
1.05778e-05;-0.0010917290040704257
1.05780e-05;-0.0011457063283011942
1.05782e-05;-0.001200975903752948
1.05785e-05;-0.0012573086300283194
1.05788e-05;-0.0013146165370549372
1.05790e-05;-0.0013727990057141532
1.05793e-05;-0.0014316008712484064
1.05795e-05;-0.0014906806745895232
1.05798e-05;-0.0015496882671261203
1.05800e-05;-0.0016082735879850674
1.05803e-05;-0.0016660866780866433
1.05805e-05;-0.001722825537105606
1.05808e-05;-0.0017782763841793562
1.05810e-05;-0.0018322174764127512
1.05813e-05;-0.0018843304980209483
1.05815e-05;-0.0019342430502432089
1.05818e-05;-0.0019815772050762476
1.05820e-05;-0.0020259552819694906
1.05823e-05;-0.002066999426034228
1.05825e-05;-0.0021043335853962297
1.05828e-05;-0.002137634089009663
1.05830e-05;-0.0021667026282435114
1.05833e-05;-0.0021914439442394236
1.05835e-05;-0.002211795304146315
1.05838e-05;-0.002227695852566526
1.05840e-05;-0.0022390858093782853
1.05843e-05;-0.0022418439248940887
1.05845e-05;-0.002243443549026198
1.05848e-05;-0.0022450431731583184
1.05850e-05;-0.002236602047279412
1.05853e-05;-0.002226718502871661
1.05855e-05;-0.00220925846221922
1.05858e-05;-0.0021907100089924715
1.05860e-05;-0.0021650703030031623
1.05863e-05;-0.0021384118927967252
1.05865e-05;-0.002105159688375025
1.05867e-05;-0.002070960242866836
1.05870e-05;-0.00203083598157046
1.05873e-05;-0.0019898605822551026
1.05875e-05;-0.0019438492676566732
1.05878e-05;-0.001897114511332233
1.05880e-05;-0.0018462651101529024
1.05883e-05;-0.0017948246136895738
1.05885e-05;-0.001740874175721753
1.05888e-05;-0.0016852103499428114
1.05890e-05;-0.0016282716587079527
1.05893e-05;-0.0015703908893682959
1.05895e-05;-0.0015119087861527785
1.05898e-05;-0.001453166489824065
1.05900e-05;-0.0013945051990677197
1.05903e-05;-0.0013362662289834325
1.05905e-05;-0.0012787910110874118
1.05908e-05;-0.001222429033103825
1.05910e-05;-0.0011675490569952485
1.05913e-05;-0.001114535477042029
1.05915e-05;-0.0010637779184253767
1.05918e-05;-0.0010156662853036038
1.05920e-05;-0.0009705902999015466
1.05923e-05;-0.0009289401205742606
1.05925e-05;-0.0008912296490193455
1.05928e-05;-0.0008581548975406077
1.05930e-05;-0.0008302703804797836
1.05933e-05;-0.00080777566163356
1.05935e-05;-0.000790698076639354
1.05938e-05;-0.0007790470042421363
1.05940e-05;-0.0007728318158752859
1.05943e-05;-0.0007720621374527713
1.05945e-05;-0.0007768249935285668
1.05948e-05;-0.0007873215359391138
1.05950e-05;-0.0008036641924251744
1.05952e-05;-0.0008257430664952848
1.05955e-05;-0.0008533404360316617
1.05958e-05;-0.0008862272176155537
1.05960e-05;-0.0009241744585816835
1.05963e-05;-0.0009669533808884894
1.05965e-05;-0.001014383579729773
1.05968e-05;-0.0010663561834354871
1.05970e-05;-0.0011227067570574146
1.05973e-05;-0.0011831317147601352
1.05975e-05;-0.0012472597550855628
1.05978e-05;-0.0013147127318217267
1.05980e-05;-0.0013851123244198063
1.05983e-05;-0.0014580803866678534
1.05985e-05;-0.0015332693392641167
1.05988e-05;-0.0016103762995574107
1.05990e-05;-0.0016890634587605324
1.05993e-05;-0.001768906132240951
1.05995e-05;-0.0018494369487484182
1.05998e-05;-0.0019301844841518884
1.06000e-05;-0.0020106771692283126
1.06003e-05;-0.002090443710886706
1.06005e-05;-0.002169031793255478
1.06008e-05;-0.0022460170648301646
1.06010e-05;-0.0023209537597542133
1.06013e-05;-0.002393341211609233
1.06015e-05;-0.00246265245057859
1.06018e-05;-0.002528357583364505
1.06020e-05;-0.0025899270945903864
1.06023e-05;-0.002644635462157967
1.06025e-05;-0.002698434009172561
1.06028e-05;-0.0027418500218552625
1.06030e-05;-0.0027837745164840835
1.06033e-05;-0.0028256990111131886
1.06035e-05;-0.0028595443934791936
1.06037e-05;-0.002887965083411327
1.06040e-05;-0.002909080373298093
1.06043e-05;-0.002929234193812772
1.06045e-05;-0.0029425268119682674
1.06048e-05;-0.002950501497523709
1.06050e-05;-0.0029538273307915756
1.06053e-05;-0.002952686269830726
1.06055e-05;-0.0029471457823320116
1.06058e-05;-0.002937260961419315
1.06060e-05;-0.002923086987955111
1.06063e-05;-0.0029046790428022017
1.06065e-05;-0.0028821733334248234
1.06068e-05;-0.0028558848500963613
1.06070e-05;-0.0028261896465998967
1.06073e-05;-0.0027933626248740186
1.06075e-05;-0.002757608016122436
1.06078e-05;-0.0027191216894091566
1.06080e-05;-0.002677087742494955
1.06083e-05;-0.0026345930068144346
1.06085e-05;-0.002589284428976293
1.06088e-05;-0.0025420966553808284
1.06090e-05;-0.0024935719854021206
1.06093e-05;-0.0024440442863937414
1.06095e-05;-0.0023938026713357604
1.06098e-05;-0.0023431313971981923
1.06100e-05;-0.0022923145466128554
1.06103e-05;-0.002241636580133172
1.06105e-05;-0.002191413165223362
1.06108e-05;-0.002142030608957561
1.06110e-05;-0.00209389856717034
1.06113e-05;-0.0020473875603857646
1.06115e-05;-0.002002839807105126
1.06118e-05;-0.0019605949194982488
1.06120e-05;-0.0019223135550291467
1.06122e-05;-0.0018845592512536748
1.06125e-05;-0.0018521634931810507
1.06128e-05;-0.0018205375247769364
1.06130e-05;-0.0017935859566091657
1.06133e-05;-0.001767305896198666
1.06135e-05;-0.0017457640088460536
1.06138e-05;-0.0017249027906282932
1.06140e-05;-0.0017105735957162816
1.06143e-05;-0.0016971827681027092
1.06145e-05;-0.001683791940489137
1.06148e-05;-0.0016755908192271785
1.06150e-05;-0.0016714594101915135
1.06153e-05;-0.00166780554069298
1.06155e-05;-0.0016673853553367903
1.06158e-05;-0.0016695779324480751
1.06160e-05;-0.0016742217399394826
1.06163e-05;-0.00168130996779937
1.06165e-05;-0.0016907677503252786
1.06168e-05;-0.0017023748663497382
1.06170e-05;-0.0017158737012954635
1.06173e-05;-0.0017311034161187292
1.06175e-05;-0.0017479670167372483
1.06178e-05;-0.0017663747323146582
1.06180e-05;-0.0017862368066380722
1.06183e-05;-0.0018074630763253922
1.06185e-05;-0.0018299209739412344
1.06188e-05;-0.0018533866487549049
1.06190e-05;-0.0018776132205189635
1.06193e-05;-0.0019024141486022686
1.06195e-05;-0.0019276430334335902
1.06198e-05;-0.00195315776115103
1.06200e-05;-0.0019788163922308893
1.06203e-05;-0.0020044770163962096
1.06205e-05;-0.002029970952017362
1.06207e-05;-0.00205507212888293
1.06210e-05;-0.002079540066740939
1.06213e-05;-0.002103172815592583
1.06215e-05;-0.002125792625387965
1.06218e-05;-0.0021472250182366518
1.06220e-05;-0.002167295603986387
1.06222e-05;-0.0021858295853160953
1.06225e-05;-0.002202506543547359
1.06228e-05;-0.002216755505722806
1.06230e-05;-0.0022280783730548315
1.06233e-05;-0.0022363131038454194
1.06235e-05;-0.0022414742460517482
1.06238e-05;-0.0022435957052091317
1.06240e-05;-0.00224141311490841
1.06243e-05;-0.002238666993881825
1.06245e-05;-0.0022305339271249274
1.06248e-05;-0.0022216269908519786
1.06250e-05;-0.0022068152918586596
1.06253e-05;-0.002191155335597144
1.06255e-05;-0.002169899861360035
1.06258e-05;-0.0021478405548576926
1.06260e-05;-0.0021207596348793234
1.06263e-05;-0.002092957327720803
1.06265e-05;-0.0020605477013950187
1.06268e-05;-0.0020274762039397794
1.06270e-05;-0.0019899731824704237
1.06273e-05;-0.0019518335439794488
1.06275e-05;-0.001909956298993503
1.06278e-05;-0.001867542122715974
1.06280e-05;-0.0018222498224978222
1.06283e-05;-0.0017765440612030102
1.06285e-05;-0.0017287196476730412
1.06288e-05;-0.0016805908760773843
1.06290e-05;-0.001631226754178817
1.06292e-05;-0.0015811384402591555
1.06295e-05;-0.001530684531582236
1.06298e-05;-0.001480161698257734
1.06300e-05;-0.0014298668719026457
1.06303e-05;-0.0013800966208334128
1.06305e-05;-0.0013311252641725305
1.06307e-05;-0.0012831886113067771
1.06310e-05;-0.0012365333787808747
1.06313e-05;-0.001191458049984297
1.06315e-05;-0.0011482886753717502
1.06318e-05;-0.0011073536338897124
1.06320e-05;-0.0010702633914662428
1.06323e-05;-0.0010336844167796798
1.06325e-05;-0.001000948708905731
1.06328e-05;-0.000970779731703268
1.06330e-05;-0.0009430640157277129
1.06333e-05;-0.0009156591504779072
1.06335e-05;-0.0008913476233554556
1.06338e-05;-0.0008674804742166324
1.06340e-05;-0.0008473128867328917
1.06343e-05;-0.0008276767651543771
1.06345e-05;-0.0008110122636641047
1.06348e-05;-0.000796375031756179
1.06350e-05;-0.0007837739053935696
1.06353e-05;-0.0007714322514654089
1.06355e-05;-0.0007615349848557951
1.06358e-05;-0.0007519888702583256
1.06360e-05;-0.0007451534823058963
1.06363e-05;-0.0007387075077287217
1.06365e-05;-0.0007343470520213178
1.06368e-05;-0.0007314003103342476
1.06370e-05;-0.0007294664846286738
1.06373e-05;-0.0007284339399656093
1.06375e-05;-0.0007283055690865762
1.06377e-05;-0.0007290967534371567
1.06380e-05;-0.0007308228089437416
1.06383e-05;-0.0007334989424289245
1.06385e-05;-0.0007370691933349779
1.06388e-05;-0.0007413338281673663
1.06390e-05;-0.0007460733171601038
1.06392e-05;-0.0007511854601267834
1.06395e-05;-0.0007566397397435333
1.06398e-05;-0.0007624134114380122
1.06400e-05;-0.0007684838178070166
1.06403e-05;-0.0007748281124859808
1.06405e-05;-0.0007813789366669598
1.06408e-05;-0.0007879787662518407
1.06410e-05;-0.0007944578896360184
1.06413e-05;-0.0008007200163623845
1.06415e-05;-0.00080657346630019
1.06418e-05;-0.0008123723172071635
1.06420e-05;-0.0008177097185624244
1.06423e-05;-0.0008226194164578096
1.06425e-05;-0.0008272249030058661
1.06428e-05;-0.000831916449524406
1.06430e-05;-0.0008370849539670528
1.06433e-05;-0.0008428395089162977
1.06435e-05;-0.0008491273472478519
1.06438e-05;-0.000855878205003403
1.06440e-05;-0.0008631590668879991
1.06443e-05;-0.0008705078713898157
1.06445e-05;-0.0008783008716631893
1.06448e-05;-0.0008866632345538007
1.06450e-05;-0.0008961202932795468
1.06453e-05;-0.000905724178980473
1.06455e-05;-0.0009162776078966791
1.06458e-05;-0.0009275011922947918
1.06460e-05;-0.000939453101264161
1.06462e-05;-0.0009514986237173428
1.06465e-05;-0.0009643346899484977
1.06468e-05;-0.0009772843228948995
1.06470e-05;-0.0009912424113000915
1.06473e-05;-0.0010053453708398327
1.06475e-05;-0.0010201106414165367
1.06477e-05;-0.0010353022891102831
1.06480e-05;-0.0010507900969840155
1.06483e-05;-0.0010665398985788988
1.06485e-05;-0.0010823222073436545
1.06488e-05;-0.0010983793550846765
1.06490e-05;-0.001114475985218365
1.06493e-05;-0.00113073965637436
1.06495e-05;-0.001147031599324022
1.06498e-05;-0.001163240890413726
1.06500e-05;-0.001179267005297737
1.06503e-05;-0.0011950097683067439
1.06505e-05;-0.0012103918637200082
1.06508e-05;-0.0012253803754469815
1.06510e-05;-0.0012399421876000936
1.06513e-05;-0.0012540008595525538
1.06515e-05;-0.0012674553266582343
1.06518e-05;-0.001280201455696448
1.06520e-05;-0.0012921352585387633
1.06523e-05;-0.00130315369243262
1.06525e-05;-0.0013134197274950327
1.06528e-05;-0.0013236103062080078
1.06530e-05;-0.0013344105602636478
1.06533e-05;-0.0013460093943945004
1.06535e-05;-0.0013583094619828992
1.06538e-05;-0.001371182153344369
1.06540e-05;-0.0013844993385092675
1.06543e-05;-0.0013981328588315506
1.06545e-05;-0.0014121215820640971
1.06547e-05;-0.0014268263182894082
1.06550e-05;-0.0014431102712722456
1.06553e-05;-0.0014596072536976969
1.06555e-05;-0.0014774711019654365
1.06558e-05;-0.0014962749014517374
1.06560e-05;-0.0015162886449619404
1.06562e-05;-0.0015364608590973312
1.06565e-05;-0.0015566330732328588
1.06568e-05;-0.0015786831161916255
1.06570e-05;-0.001601002921379109
1.06573e-05;-0.0016233227265664415
1.06575e-05;-0.0016469838816814627
1.06578e-05;-0.001671298950888967
1.06580e-05;-0.001696103783904413
1.06583e-05;-0.0017209694563623762
1.06585e-05;-0.0017461425413049948
1.06588e-05;-0.0017713597880347045
1.06590e-05;-0.001796929795680335
1.06593e-05;-0.0018225504797080069
1.06595e-05;-0.0018482118806208894
1.06598e-05;-0.00187372023313208
1.06600e-05;-0.001898688807215052
1.06603e-05;-0.0019235831178420159
1.06605e-05;-0.0019477228936868787
1.06608e-05;-0.0019711934006448064
1.06610e-05;-0.0019939880534111643
1.06613e-05;-0.002015992788122809
1.06615e-05;-0.0020370488089552882
1.06618e-05;-0.0020569932503036866
1.06620e-05;-0.002075025533538839
1.06623e-05;-0.0020928035501656737
1.06625e-05;-0.002108710015155762
1.06628e-05;-0.002123491343575884
1.06630e-05;-0.0021374407814338837
1.06632e-05;-0.002151288383965104
1.06635e-05;-0.0021643910710783427
1.06638e-05;-0.0021767706998086886
1.06640e-05;-0.0021879583001010194
1.06643e-05;-0.0021989873712755814
1.06645e-05;-0.0022088489875540197
1.06647e-05;-0.002218009500203979
1.06650e-05;-0.002226653136442942
1.06653e-05;-0.002235233527738196
1.06655e-05;-0.00224335045908559
1.06658e-05;-0.0022510166476069357
1.06660e-05;-0.002257938820608893
1.06663e-05;-0.0022647620390364915
1.06665e-05;-0.0022708553055013694
1.06668e-05;-0.0022765102383648737
1.06670e-05;-0.002281842121572382
1.06673e-05;-0.0022871344785179203
1.06675e-05;-0.002292015798505573
1.06678e-05;-0.00229683807038161
1.06680e-05;-0.0023011067962008637
1.06683e-05;-0.002305296001556806
1.06685e-05;-0.0023090260222378674
1.06688e-05;-0.0023124797753640335
1.06690e-05;-0.0023157277255801173
1.06693e-05;-0.0023189504509342524
1.06695e-05;-0.0023218260309097625
1.06698e-05;-0.00232465174121136
1.06700e-05;-0.002327477451512958
1.06703e-05;-0.0023298383107064513
1.06705e-05;-0.002332132391038373
1.06708e-05;-0.0023341158693963226
1.06710e-05;-0.0023360547277762296
1.06713e-05;-0.00233799358615615
1.06715e-05;-0.002339769916301931
1.06717e-05;-0.002341421309588968
1.06720e-05;-0.002342941658721679
1.06723e-05;-0.0023443137634786212
1.06725e-05;-0.0023451800012303987
1.06728e-05;-0.002344545083510608
1.06730e-05;-0.002341453939047648
1.06732e-05;-0.0023356265950308978
1.06735e-05;-0.0023271629108037625
1.06738e-05;-0.002316203545321326
1.06740e-05;-0.0023019284133818
1.06743e-05;-0.002287221665775503
1.06745e-05;-0.0022695419747831257
1.06748e-05;-0.0022489640935137727
1.06750e-05;-0.002223767044052026
1.06753e-05;-0.002197957417957029
1.06755e-05;-0.0021669219832080467
1.06758e-05;-0.002135135827321314
1.06760e-05;-0.002098959882229462
1.06763e-05;-0.002062153315588727
1.06765e-05;-0.0020214097315087807
1.06768e-05;-0.0019801005694657457
1.06770e-05;-0.0019345738506429918
1.06773e-05;-0.0018884412525710138
1.06775e-05;-0.0018387910209786882
1.06778e-05;-0.0017886354586300244
1.06780e-05;-0.0017360141325993231
1.06783e-05;-0.0016830385837023846
1.06785e-05;-0.0016287871203060234
1.06788e-05;-0.0015735959456199126
1.06790e-05;-0.0015176047339013274
1.06793e-05;-0.0014610498259528734
1.06795e-05;-0.0014042604538166057
1.06798e-05;-0.0013475758517395567
1.06800e-05;-0.0012913354575543406
1.06802e-05;-0.0012358784329631397
1.06805e-05;-0.0011814914728077548
1.06808e-05;-0.0011283630441681306
1.06810e-05;-0.0010766879254551632
1.06813e-05;-0.0010267648549294446
1.06815e-05;-0.0009789509786663634
1.06817e-05;-0.0009336094908204347
1.06820e-05;-0.0008911037525718949
1.06823e-05;-0.000851796390906548
1.06825e-05;-0.0008158474584240293
1.06828e-05;-0.0007829887441966066
1.06830e-05;-0.0007528518891505807
1.06833e-05;-0.0007253654715113924
1.06835e-05;-0.0007006506845062122
1.06838e-05;-0.000678850136903928
1.06840e-05;-0.0006601062847856416
1.06843e-05;-0.0006445612569210706
1.06845e-05;-0.0006322303051123325
1.06848e-05;-0.0006228603064043205
1.06850e-05;-0.0006161355319930226
1.06853e-05;-0.0006119262134019637
1.06855e-05;-0.0006102232921922194
1.06858e-05;-0.0006110309812500576
1.06860e-05;-0.0006143535733192742
1.06863e-05;-0.0006201950703901218
1.06865e-05;-0.0006284799308648376
1.06868e-05;-0.0006389646869698791
1.06870e-05;-0.0006513664903950799
1.06873e-05;-0.0006655191622839369
1.06875e-05;-0.0006813320106514414
1.06878e-05;-0.0006987226789688697
1.06880e-05;-0.0007176089051881133
1.06883e-05;-0.0007379082891962302
1.06885e-05;-0.0007594885307606635
1.06887e-05;-0.0007821121384241699
1.06890e-05;-0.000805517155870814
1.06893e-05;-0.0008295143926468564
1.06895e-05;-0.0008539622255334801
1.06898e-05;-0.0008787242303969425
1.06900e-05;-0.0009036639684798993
1.06902e-05;-0.0009286449501288935
1.06905e-05;-0.0009534994281698974
1.06908e-05;-0.0009779938872216112
1.06910e-05;-0.001001879188713352
1.06913e-05;-0.0010249523441208392
1.06915e-05;-0.0010470395806025145
1.06918e-05;-0.0010679707568805933
1.06920e-05;-0.001087575688377542
1.06923e-05;-0.0011049830311269917
1.06925e-05;-0.0011220989938185968
1.06928e-05;-0.0011359581485720395
1.06930e-05;-0.0011493494418468992
1.06933e-05;-0.0011627407351217588
1.06935e-05;-0.001173629127521922
1.06938e-05;-0.0011828309987642934
1.06940e-05;-0.0011890358318413184
1.06943e-05;-0.0011948375058198593
1.06945e-05;-0.0012006391797984397
1.06948e-05;-0.0012036672195454114
1.06950e-05;-0.0012044634801748181
1.06953e-05;-0.0012049963713104826
1.06955e-05;-0.00120316544366582
1.06958e-05;-0.0012009949381980248
1.06960e-05;-0.0011965055043160115
1.06963e-05;-0.0011916829414016536
1.06965e-05;-0.0011846732709895412
1.06968e-05;-0.001177349408470426
1.06970e-05;-0.0011682054502790387
1.06972e-05;-0.0011588000235980608
1.06975e-05;-0.0011478339187006906
1.06978e-05;-0.0011366436123053983
1.06980e-05;-0.0011240918859516558
1.06983e-05;-0.0011113445828345892
1.06985e-05;-0.001097489576850972
1.06987e-05;-0.0010834754422018797
1.06990e-05;-0.0010687544115265298
1.06993e-05;-0.0010539318306749153
1.06995e-05;-0.0010387359777766542
1.06998e-05;-0.0010234865019400038
1.07000e-05;-0.001008159460436617
1.07003e-05;-0.000992821276124631
1.07005e-05;-0.0009777353838137306
1.07008e-05;-0.0009626857348768926
1.07010e-05;-0.0009483103066656959
1.07013e-05;-0.0009340317346130754
1.07015e-05;-0.0009204990959003537
1.07018e-05;-0.0009076896109055398
1.07020e-05;-0.0008956736305214846
1.07023e-05;-0.0008845536724924519
1.07025e-05;-0.0008747322367854731
1.07028e-05;-0.0008671621336443514
1.07030e-05;-0.0008627324351116062
1.07033e-05;-0.0008617119131668868
1.07035e-05;-0.0008640270923065002
1.07038e-05;-0.0008695677781168078
1.07040e-05;-0.0008782239361839796
1.07043e-05;-0.0008898858085094159
1.07045e-05;-0.0009046316838705309
1.07048e-05;-0.0009228844007356727
1.07050e-05;-0.0009467217747020563
1.07053e-05;-0.0009712970782435527
1.07055e-05;-0.001000744335256017
1.07057e-05;-0.0010338561780427844
1.07060e-05;-0.0010714162890715661
1.07063e-05;-0.0011095542395403745
1.07065e-05;-0.001152682960440937
1.07068e-05;-0.0011965286377235982
1.07070e-05;-0.0012454584288979827
1.07072e-05;-0.0012951185858442755
1.07075e-05;-0.0013481177818717514
1.07078e-05;-0.0014034424506186292
1.07080e-05;-0.0014612306866234963
1.07083e-05;-0.001519334737900144
1.07085e-05;-0.001579630019259444
1.07088e-05;-0.0016402400849617929
1.07090e-05;-0.001702491804585704
1.07093e-05;-0.0017649793583908169
1.07095e-05;-0.0018280210690058024
1.07098e-05;-0.0018910710314809047
1.07100e-05;-0.0019537087657066398
1.07103e-05;-0.0020155562565095002
1.07105e-05;-0.002076282225965063
1.07108e-05;-0.0021356394702391063
1.07110e-05;-0.002193370929862582
1.07113e-05;-0.0022491249200140735
1.07115e-05;-0.0023024960817748024
1.07118e-05;-0.0023530742541498207
1.07120e-05;-0.0023988470093516865
1.07123e-05;-0.002443980763962702
1.07125e-05;-0.0024844131434047264
1.07128e-05;-0.0025220302640510867
1.07130e-05;-0.002557588744473103
1.07133e-05;-0.002592895648938063
1.07135e-05;-0.002626360521508774
1.07138e-05;-0.0026580310409267103
1.07140e-05;-0.0026867338216780465
1.07142e-05;-0.002715041836994579
1.07145e-05;-0.0027404398165141366
1.07148e-05;-0.0027641007271090147
1.07150e-05;-0.0027865026206785938
1.07153e-05;-0.002808750869248261
1.07155e-05;-0.0028298697332100747
1.07157e-05;-0.0028498813148745807
1.07160e-05;-0.002868052828571521
1.07163e-05;-0.002885979507564329
1.07165e-05;-0.0029020964227948224
1.07168e-05;-0.00291713351929392
1.07170e-05;-0.0029313886470854417
1.07173e-05;-0.0029455483590945736
1.07175e-05;-0.002958706028554763
1.07178e-05;-0.0029717197481358305
1.07180e-05;-0.0029833638534854136
1.07183e-05;-0.002994811204911222
1.07185e-05;-0.0030051158369493324
1.07188e-05;-0.00301473411591758
1.07190e-05;-0.003023690580160016
1.07193e-05;-0.003032562747056876
1.07195e-05;-0.0030414349139537356
1.07198e-05;-0.0030488992606083156
1.07200e-05;-0.0030561613647992016
1.07203e-05;-0.0030634234689900877
1.07205e-05;-0.0030706855731809247
1.07208e-05;-0.0030767549780072764
1.07210e-05;-0.0030826530438723162
1.07213e-05;-0.003088131725818067
1.07215e-05;-0.00309355016055718
1.07218e-05;-0.0030985768988590913
1.07220e-05;-0.0031032344581757606
1.07223e-05;-0.0031074944578299377
1.07225e-05;-0.003111236780361435
1.07227e-05;-0.003114205166941595
1.07230e-05;-0.003116166263541993
1.07233e-05;-0.00311704711520373
1.07235e-05;-0.003116863333369622
1.07238e-05;-0.0031151971658286482
1.07240e-05;-0.003113337198231813
1.07242e-05;-0.0031101713383291495
1.07245e-05;-0.00310592862179225
1.07248e-05;-0.003100029340527019
1.07250e-05;-0.0030939104347964736
1.07253e-05;-0.0030862024508224385
1.07255e-05;-0.003077272897084406
1.07258e-05;-0.0030672672164574707
1.07260e-05;-0.0030558461833362417
1.07263e-05;-0.00304424108914928
1.07265e-05;-0.003031042946822477
1.07268e-05;-0.003017615952849015
1.07270e-05;-0.0030026068025024674
1.07273e-05;-0.002987370365181758
1.07275e-05;-0.0029710946293622685
1.07278e-05;-0.0029540883580671533
1.07280e-05;-0.0029362934741606903
1.07283e-05;-0.002918397295982322
1.07285e-05;-0.002899786638257936
1.07288e-05;-0.0028810733409355437
1.07290e-05;-0.0028618372388052285
1.07293e-05;-0.002842526032389933
1.07295e-05;-0.00282303017489952
1.07298e-05;-0.0028035161380520622
1.07300e-05;-0.002784109774954583
1.07303e-05;-0.002764923717146311
1.07305e-05;-0.002746058846762146
1.07308e-05;-0.0027275950091354808
1.07310e-05;-0.002709615989495579
1.07312e-05;-0.0026922297468215035
1.07315e-05;-0.0026755583641353024
1.07318e-05;-0.0026597246601711704
1.07320e-05;-0.002644851947431693
1.07323e-05;-0.002631062404651239
1.07325e-05;-0.002618155760939558
1.07327e-05;-0.002605307879626265
1.07330e-05;-0.002591686775177006
1.07333e-05;-0.002577062463087136
1.07335e-05;-0.0025615525137762337
1.07338e-05;-0.002545312428868154
1.07340e-05;-0.0025283220458723107
1.07343e-05;-0.002511236700410346
1.07345e-05;-0.002493558720682084
1.07348e-05;-0.002474950119091945
1.07350e-05;-0.002454373954380992
1.07353e-05;-0.0024335325849757445
1.07355e-05;-0.002410987621086911
1.07358e-05;-0.00238726693327168
1.07360e-05;-0.0023620193064128854
1.07363e-05;-0.002336571537943234
1.07365e-05;-0.0023111237694735825
1.07368e-05;-0.0022833235829524904
1.07370e-05;-0.0022551854563954187
1.07373e-05;-0.0022270473298383465
1.07375e-05;-0.0021972396752588104
1.07378e-05;-0.0021666144096001085
1.07380e-05;-0.0021353685784990086
1.07383e-05;-0.0021040455227625005
1.07385e-05;-0.0020723239505103354
1.07388e-05;-0.0020405451287886624
1.07390e-05;-0.0020083965977481543
1.07393e-05;-0.0019760430815952204
1.07395e-05;-0.0019436868847006244
1.07397e-05;-0.0019115241955585335
1.07400e-05;-0.0018800178333118825
1.07403e-05;-0.0018486018199406831
1.07405e-05;-0.0018184512873666036
1.07408e-05;-0.0017884825492763567
1.07410e-05;-0.0017595897039855714
1.07412e-05;-0.0017317186872976742
1.07415e-05;-0.0017050152225118634
1.07418e-05;-0.001679680242473807
1.07420e-05;-0.0016559147818211916
1.07423e-05;-0.0016339197880227468
1.07425e-05;-0.0016139633767844755
1.07428e-05;-0.0015964136047576954
1.07430e-05;-0.001581565281286101
1.07433e-05;-0.0015695240168655676
1.07435e-05;-0.0015603026352076859
1.07438e-05;-0.001553904788487217
1.07440e-05;-0.0015503337948255904
1.07443e-05;-0.0015495930156440442
1.07445e-05;-0.001553039052671745
1.07448e-05;-0.0015570354742547555
1.07450e-05;-0.0015663152679855667
1.07453e-05;-0.001576354052224974
1.07455e-05;-0.001591394753142174
1.07458e-05;-0.001607154011673208
1.07460e-05;-0.0016274943269755857
1.07463e-05;-0.001648492740650119
1.07465e-05;-0.0016737216896092909
1.07468e-05;-0.0016995583822664376
1.07470e-05;-0.001729331786984414
1.07473e-05;-0.0017596707257980706
1.07475e-05;-0.0017933417309246122
1.07478e-05;-0.0018274914088829517
1.07480e-05;-0.0018642813223760804
1.07482e-05;-0.0019014505227440543
1.07485e-05;-0.0019406122547932564
1.07488e-05;-0.0019800602268785833
1.07490e-05;-0.0020208885522732894
1.07493e-05;-0.0020619151743302504
1.07495e-05;-0.0021035154973018657
1.07497e-05;-0.0021451982361123606
