Time(s);Current(A)
7.50000e-07;0.001507213027021016
7.50250e-07;0.001520925141520277
7.50500e-07;0.001531937648989802
7.50750e-07;0.0015417332028168395
7.51000e-07;0.0015515287566438768
7.51250e-07;0.00156132431047091
7.51500e-07;0.0015711198642979476
7.51750e-07;0.001580915418124985
7.52000e-07;0.0015865039913828278
7.52250e-07;0.001590196103314569
7.52500e-07;0.0015938882152463085
7.52750e-07;0.0015918831717667017
7.53000e-07;0.0015873099122640523
7.53250e-07;0.001582736652761403
7.53500e-07;0.0015781633932587537
7.53750e-07;0.0015735901337561044
7.54000e-07;0.001569016874253457
7.54250e-07;0.0015644436147508078
7.54500e-07;0.001552145706128755
7.54750e-07;0.001536365609255114
7.55000e-07;0.001520585512381473
7.55250e-07;0.001504805415507832
7.55500e-07;0.0014890253186341977
7.55750e-07;0.0014732452217605567
7.56000e-07;0.0014574651248869157
7.56250e-07;0.0014361462718016685
7.56500e-07;0.0014123306073389233
7.56750e-07;0.0013885149428761881
7.57000e-07;0.001364699278413443
7.57250e-07;0.0013408836139506978
7.57500e-07;0.0013170679494879526
7.57750e-07;0.0012932522850252074
7.58000e-07;0.0012677430972035941
7.58250e-07;0.0012414704873737025
7.58500e-07;0.0012151978775437999
7.58750e-07;0.0011889252677138972
7.59000e-07;0.0011626526578839946
7.59250e-07;0.001136380048054092
7.59500e-07;0.0011101074382241893
7.59750e-07;0.0010854710011093452
7.60000e-07;0.0010615721329530127
7.60250e-07;0.0010376732647966805
7.60500e-07;0.001014551681460769
7.60750e-07;0.000994759347151124
7.61000e-07;0.0009749670128414875
7.61250e-07;0.0009551746785318427
7.61500e-07;0.0009367993094906656
7.61750e-07;0.0009190626930626554
7.62000e-07;0.0009013260766346453
7.62250e-07;0.0008835894602066351
7.62500e-07;0.0008646170752499537
7.62750e-07;0.000845087619210063
7.63000e-07;0.0008255581631701724
7.63250e-07;0.0008060287071302817
7.63500e-07;0.0007861250590599138
7.63750e-07;0.0007645429751959753
7.64000e-07;0.0007422803105289645
7.64250e-07;0.0007200176458619442
7.64500e-07;0.0006957988366704762
7.64750e-07;0.0006706982186905127
7.65000e-07;0.000645597600710549
7.65250e-07;0.0006193188184701606
7.65500e-07;0.000592508932527473
7.65750e-07;0.0005656990465847854
7.66000e-07;0.0005371749814605417
7.66250e-07;0.0005078781829066031
7.66500e-07;0.00047858138435266434
7.66750e-07;0.0004483162580161597
7.67000e-07;0.0004176146199913937
7.67250e-07;0.0003869129819666277
7.67500e-07;0.0003562113439418617
7.67750e-07;0.00032518720025162865
7.68000e-07;0.00029401767449652497
7.68250e-07;0.0002628481487414345
7.68500e-07;0.00023167862298633084
7.68750e-07;0.00020095568828802575
7.69000e-07;0.00017043407200654988
7.69250e-07;0.00014059565759254441
7.69500e-07;0.00011161583894819568
7.69750e-07;8.342756064504445e-05
7.70000e-07;5.6079562651076056e-05
7.70250e-07;2.971847737621024e-05
7.70500e-07;4.533739452996141e-06
7.70750e-07;-1.9280406878811315e-05
7.71000e-07;-4.1529762068088756e-05
7.71250e-07;-6.20417338749388e-05
7.71500e-07;-8.082045027338684e-05
7.71750e-07;-9.811152104657726e-05
7.72000e-07;-0.00011412953070269982
7.72250e-07;-0.00012889066668480558
7.72500e-07;-0.00014231937938774547
7.72750e-07;-0.00015432941607558645
7.73000e-07;-0.00016483453206834082
7.73250e-07;-0.00017376204922050622
7.73500e-07;-0.00018114999347352678
7.73750e-07;-0.00018718763210205175
7.74000e-07;-0.00019204477642251276
7.74250e-07;-0.00019576696857599358
7.74500e-07;-0.000198342295656388
7.74750e-07;-0.00019975212669063293
7.75000e-07;-0.0001999778352272361
7.75250e-07;-0.0001990093105771534
7.75500e-07;-0.000196905768983909
7.75750e-07;-0.0001938211753565977
7.76000e-07;-0.00018989729251018644
7.76250e-07;-0.00018494294730453772
7.76500e-07;-0.0001796362858262962
7.76750e-07;-0.00017334202158687164
7.77000e-07;-0.00016660255670737002
7.77250e-07;-0.00015897203113212805
7.77500e-07;-0.00015093982503544163
7.77750e-07;-0.00014231549761416858
7.78000e-07;-0.00013342424830580974
7.78250e-07;-0.00012412985604940883
7.78500e-07;-0.00011465373131354928
7.78750e-07;-0.00010517760657768976
7.79000e-07;-9.551098553982046e-05
7.79250e-07;-8.575849082994379e-05
7.79500e-07;-7.600599612007124e-05
7.79750e-07;-6.648683062650226e-05
7.80000e-07;-5.707284741930626e-05
7.80250e-07;-4.800222296371063e-05
7.80500e-07;-3.937784517555563e-05
7.80750e-07;-3.122231472261616e-05
7.81000e-07;-2.36023644273371e-05
7.81250e-07;-1.649333475491732e-05
7.81500e-07;-9.162172714362731e-06
7.81750e-07;-1.4733636206092944e-08
7.82000e-07;1.2174552028526303e-05
7.82250e-07;2.7639731041925228e-05
7.82500e-07;4.6188303172416797e-05
7.82750e-07;6.758008015578042e-05
7.83000e-07;9.157488845834124e-05
7.83250e-07;0.00011798981283937666
7.83500e-07;0.0001470856589784973
7.83750e-07;0.00017966254931741168
7.84000e-07;0.0002162896930808227
7.84250e-07;0.00025691514569076693
7.84500e-07;0.00030121980363027217
7.84750e-07;0.00034885469191147327
7.85000e-07;0.00039947088668540844
7.85250e-07;0.00045275535974439866
7.85500e-07;0.000508672983826138
7.85750e-07;0.0005675264826865286
7.86000e-07;0.0006304223647324715
7.86250e-07;0.0006947117948888216
7.86500e-07;0.0007622200227648433
7.86750e-07;0.0008311792498294677
7.87000e-07;0.0009022187502746774
7.87250e-07;0.0009741960154538347
7.87500e-07;0.0010475793343195773
7.87750e-07;0.0011215964869754156
7.88000e-07;0.0011965557297044683
7.88250e-07;0.001272238239740171
7.88500e-07;0.0013480371327889262
7.88750e-07;0.001423492801160161
7.89000e-07;0.0014981457174060584
7.89250e-07;0.0015715505129763384
7.89500e-07;0.001643370976662493
7.89750e-07;0.0017134033347899977
7.90000e-07;0.0017813870577257965
7.90250e-07;0.0018469090831918031
7.90500e-07;0.0019094908004930714
7.90750e-07;0.00196864613159076
7.91000e-07;0.002023889086586482
7.91250e-07;0.002074720748600483
7.91500e-07;0.002120566529599872
7.91750e-07;0.0021608338522021734
7.92000e-07;0.0021951385882458606
7.92250e-07;0.002223338693161944
7.92500e-07;0.002245378101183001
7.92750e-07;0.0022612091701674606
7.93000e-07;0.0022707845631495297
7.93250e-07;0.0022740486702619543
7.93500e-07;0.0022686363441058476
7.93750e-07;0.002260199376487084
7.94000e-07;0.0022428634070195247
7.94250e-07;0.0022215158637948324
7.94500e-07;0.0021918252405327653
7.94750e-07;0.002158373647051761
7.95000e-07;0.002121095852113421
7.95250e-07;0.0020814768228664764
7.95500e-07;0.002038002313308511
7.95750e-07;0.001971959063303164
7.96000e-07;0.0019075947780948792
7.96250e-07;0.0018405411205250093
7.96500e-07;0.0017713310475456782
7.96750e-07;0.0017021209745663472
7.97000e-07;0.0016284920178190245
7.97250e-07;0.0015513198741237695
7.97500e-07;0.0014741477304285142
7.97750e-07;0.0013936859055411908
7.98000e-07;0.0013105863205146882
7.98250e-07;0.0012274867354881856
7.98500e-07;0.0011446186895388375
7.98750e-07;0.0010619362982206555
7.99000e-07;0.0009792539069024733
7.99250e-07;0.0008978834016521635
7.99500e-07;0.0008175648040411236
7.99750e-07;0.0007394123222292037
8.00000e-07;0.0006629966938015641
8.00250e-07;0.0005890834415563714
8.00500e-07;0.0005197344285705571
8.00750e-07;0.000454978962863767
8.01000e-07;0.0003949688331023703
8.01250e-07;0.00034013511666301614
8.01500e-07;0.00029092582457644666
8.01750e-07;0.0002475829085507244
8.02000e-07;0.00021007722376251413
8.02250e-07;0.00017862104743151933
8.02500e-07;0.00015372714938387022
8.02750e-07;0.00013548220103889707
8.03000e-07;0.00012374274813740645
8.03250e-07;0.0001185402496048848
8.03500e-07;0.00011991677369874142
8.03750e-07;0.0001277853146548832
8.04000e-07;0.00014188907064469438
8.04250e-07;0.00016212244481008276
8.04500e-07;0.00018856805913407924
8.04750e-07;0.00022104162972270806
8.05000e-07;0.0002592147374350617
8.05250e-07;0.00030286854657913474
8.05500e-07;0.00035179085089335175
8.05750e-07;0.0004056886372010385
8.06000e-07;0.000464162511540957
8.06250e-07;0.0005269078922946062
8.06500e-07;0.0005937380361867116
8.06750e-07;0.0006651605751829287
8.07000e-07;0.0007388375331645896
8.07250e-07;0.0008155623495750755
8.07500e-07;0.0008947310257409059
8.07750e-07;0.0009756212717230819
8.08000e-07;0.0010586675913577144
8.08250e-07;0.0011429142498891435
8.08500e-07;0.0012280060638751287
8.08750e-07;0.0013134831570963514
8.09000e-07;0.0013988290444205693
8.09250e-07;0.0014835703080785792
8.09500e-07;0.0015672362822970627
8.09750e-07;0.0016493244618079569
8.10000e-07;0.001729290798602622
8.10250e-07;0.0018066285819180786
8.10500e-07;0.0018808771563258266
8.10750e-07;0.0019515104815366808
8.11000e-07;0.0020179672113462004
8.11250e-07;0.0020797661466940304
8.11500e-07;0.0021367539354285887
8.11750e-07;0.0021892318033782847
8.12000e-07;0.002237514869607951
8.12250e-07;0.0022816187151864283
8.12500e-07;0.0023214115256565055
8.12750e-07;0.002356704931160902
8.13000e-07;0.0023872884933803613
8.13250e-07;0.002413002447963423
8.13500e-07;0.0024326998990899956
8.13750e-07;0.002449330759135548
8.14000e-07;0.0024614226693397486
8.14250e-07;0.002469875120196315
8.14500e-07;0.002472873147014562
8.14750e-07;0.00247149766118207
8.15000e-07;0.0024701221753495777
8.15250e-07;0.0024625281068390596
8.15500e-07;0.0024499478015011537
8.15750e-07;0.002437367496163248
8.16000e-07;0.002418538103826903
8.16250e-07;0.0023946980154296383
8.16500e-07;0.002370857927032374
8.16750e-07;0.0023470178386351096
8.17000e-07;0.002323177750237845
8.17250e-07;0.0022941016266831136
8.17500e-07;0.002260827100906622
8.17750e-07;0.0022275525751301165
8.18000e-07;0.002194278049353611
8.18250e-07;0.0021610035235771056
8.18500e-07;0.0021262041479001635
8.18750e-07;0.0020901821041132205
8.19000e-07;0.002054130533763668
8.19250e-07;0.0020180552881746503
8.19500e-07;0.001982611213242696
8.19750e-07;0.0019476732289326055
8.20000e-07;0.0019141589159735637
8.20250e-07;0.0018817861432799433
8.20500e-07;0.0018515108225901549
8.20750e-07;0.0018229172986966495
8.21000e-07;0.001797072426423382
8.21250e-07;0.0017734315013586991
8.21500e-07;0.0017534418555797777
8.21750e-07;0.0017363799095975077
8.22000e-07;0.0017237287604216257
8.22250e-07;0.0017146143138374904
8.22500e-07;0.0017100055108736074
8.22750e-07;0.0017090094613800562
8.23000e-07;0.0017125369846558343
8.23250e-07;0.001719691637504671
8.23500e-07;0.0017315450842121962
8.23750e-07;0.0017471661577562216
8.24000e-07;0.001768700986139159
8.24250e-07;0.0017949776317002183
8.24500e-07;0.0018212542772612665
8.24750e-07;0.0018539267510221257
8.25000e-07;0.0018917275821214768
8.25250e-07;0.001929528413220828
8.25500e-07;0.0019730147120957625
8.25750e-07;0.0020210597810750254
8.26000e-07;0.0020691048500542687
8.26250e-07;0.00212051310435267
8.26500e-07;0.0021760487702858944
8.26750e-07;0.0022340043021555904
8.27000e-07;0.00229409546496094
8.27250e-07;0.0023560441237873695
8.27500e-07;0.002419598152997985
8.27750e-07;0.002484526244607902
8.28000e-07;0.0025505607091515924
8.28250e-07;0.0026173756108998237
8.28500e-07;0.002684620852931323
8.28750e-07;0.002751943257948567
8.29000e-07;0.002818989181811444
8.29250e-07;0.002885409064175631
8.29500e-07;0.0029508693749526176
8.29750e-07;0.003015049658809952
8.30000e-07;0.003077607084630195
8.30250e-07;0.0031381620781809495
8.30500e-07;0.003196319837876026
8.30750e-07;0.003251683801914173
8.31000e-07;0.003303856994047961
8.31250e-07;0.003352420341565152
8.31500e-07;0.003396847505347167
8.31750e-07;0.003436540085032312
8.32000e-07;0.0034710818011751765
8.32250e-07;0.0035003308847879225
8.32500e-07;0.0035242582738040855
8.32750e-07;0.0035428426514160006
8.33000e-07;0.00355606272642354
8.33250e-07;0.0035638830971379725
8.33500e-07;0.003566201400390165
8.33750e-07;0.0035628699447294177
8.34000e-07;0.003553855034370723
8.34250e-07;0.003539295122031405
8.34500e-07;0.0035193994641567173
8.34750e-07;0.003494381851673986
8.35000e-07;0.0034619197619826228
8.35250e-07;0.003425282230389181
8.35500e-07;0.003388644698795739
8.35750e-07;0.003344884266242383
8.36000e-07;0.003295412488689023
8.36250e-07;0.0032459407111356635
8.36500e-07;0.003191632219878979
8.36750e-07;0.0031334455137234404
8.37000e-07;0.003072321011501117
8.37250e-07;0.0030088409006621348
8.37500e-07;0.002943161157821947
8.37750e-07;0.0028757176873513398
8.38000e-07;0.0028068712205844893
8.38250e-07;0.00273689979140041
8.38500e-07;0.002666511049157273
8.38750e-07;0.002595787693409544
8.39000e-07;0.0025256510569510397
8.39250e-07;0.0024559848687407907
8.39500e-07;0.002387366130493916
8.39750e-07;0.0023205978900031525
8.40000e-07;0.0022559126742959152
8.40250e-07;0.002193802692876808
8.40500e-07;0.0021347772487936953
8.40750e-07;0.0020793468616440995
8.41000e-07;0.0020280222326411056
8.41250e-07;0.0019813090490607326
8.41500e-07;0.0019411876504053928
8.41750e-07;0.001904626603678391
8.42000e-07;0.0018742906221204624
8.42250e-07;0.001848946075236164
8.42500e-07;0.0018300384159182317
8.42750e-07;0.0018162920365092463
8.43000e-07;0.0018091858386038197
8.43250e-07;0.0018074039274802757
8.43500e-07;0.0018123676083349478
8.43750e-07;0.0018227400970944059
8.44000e-07;0.0018396303645720966
8.44250e-07;0.0018617467727897856
8.44500e-07;0.0018900084533869615
8.44750e-07;0.001923197588524907
8.45000e-07;0.0019621539332826047
8.45250e-07;0.002005734591085127
8.45500e-07;0.002054643339726495
8.45750e-07;0.002107824303458775
8.46000e-07;0.0021646073140025664
8.46250e-07;0.002226434698118602
8.46500e-07;0.0022919616649569865
8.46750e-07;0.002360854490201352
8.47000e-07;0.0024327792434935868
8.47250e-07;0.002507400933934002
8.47500e-07;0.002584371905970373
8.47750e-07;0.0026633118927853277
8.48000e-07;0.002743804585301266
8.48250e-07;0.0028254161199616676
8.48500e-07;0.0029077099393096475
8.48750e-07;0.0029902497443266085
8.49000e-07;0.003072598926340583
8.49250e-07;0.0031543204622334325
8.49500e-07;0.0032349694465223793
8.49750e-07;0.003314080310100761
8.50000e-07;0.003391165257795025
8.50250e-07;0.003465725310291119
8.50500e-07;0.0035372599329202355
8.50750e-07;0.0036052687470216212
8.51000e-07;0.0036692512959305133
8.51250e-07;0.0037286639381977054
8.51500e-07;0.0037827475449940806
8.51750e-07;0.003830555780287074
8.52000e-07;0.003871409507552303
8.52250e-07;0.0039050959756196458
8.52500e-07;0.003931601428578947
8.52750e-07;0.003950926642926142
8.53000e-07;0.003963072601198903
8.53250e-07;0.003968012789057114
8.53500e-07;0.00396558640833155
8.53750e-07;0.003955515280363856
8.54000e-07;0.003937688230375058
8.54250e-07;0.003912286361269748
8.54500e-07;0.0038796156519148826
8.54750e-07;0.0038399910453487127
8.55000e-07;0.0037903074673158697
8.55250e-07;0.003734989700351434
8.55500e-07;0.003679671933387022
8.55750e-07;0.0036146607531297413
8.56000e-07;0.003541877117821396
8.56250e-07;0.003469093482513051
8.56500e-07;0.0033897197165630062
8.56750e-07;0.0033050617960385283
8.57000e-07;0.0032164494482375193
8.57250e-07;0.0031246663279406238
8.57500e-07;0.00302993339420138
8.57750e-07;0.002932835215971154
8.58000e-07;0.002833841652092936
8.58250e-07;0.002733328313981595
8.58500e-07;0.0026322919615936234
8.58750e-07;0.0025308362414520934
8.59000e-07;0.0024302626354451426
8.59250e-07;0.0023303963336925157
8.59500e-07;0.0022320298133363574
8.59750e-07;0.0021362827477980043
8.60000e-07;0.002043445961057886
8.60250e-07;0.001955478292549564
8.60500e-07;0.0018702741513350741
8.60750e-07;0.0017909811698092722
8.61000e-07;0.0017164279245963894
8.61250e-07;0.0016488333859499028
8.61500e-07;0.0015868185365590683
8.61750e-07;0.0015301138811627272
8.62000e-07;0.0014776670906575266
8.62250e-07;0.0014299756273638594
8.62500e-07;0.001386097120960443
8.62750e-07;0.00134770848769958
8.63000e-07;0.0013137217911917982
8.63250e-07;0.0012856485480115863
8.63500e-07;0.0012623168802493366
8.63750e-07;0.0012436333524614334
8.64000e-07;0.0012286768357820633
8.64250e-07;0.00121778845918059
8.64500e-07;0.0012101620332400467
8.64750e-07;0.001206831528332614
8.65000e-07;0.0012069456153480044
8.65250e-07;0.0012113882512173478
8.65500e-07;0.0012193016409261914
8.65750e-07;0.0012311998136300534
8.66000e-07;0.0012462930989100228
8.66250e-07;0.001261386384189992
8.66500e-07;0.0012804738100809215
8.66750e-07;0.0013027638517511151
8.67000e-07;0.0013250538934213183
8.67250e-07;0.0013508222546219537
8.67500e-07;0.0013793796315580318
8.67750e-07;0.0014079370084941099
8.68000e-07;0.001438108105761413
8.68250e-07;0.0014695731299830882
8.68500e-07;0.0015018187021326897
8.68750e-07;0.0015346901398573694
8.69000e-07;0.0015680503164944484
8.69250e-07;0.001601802377921088
8.69500e-07;0.0016354797507122944
8.69750e-07;0.0016690972360268877
8.70000e-07;0.0017021292942431747
8.70250e-07;0.0017341322924373304
8.70500e-07;0.0017646428786982963
8.70750e-07;0.0017943166203630337
8.71000e-07;0.0018222639303431525
8.71250e-07;0.0018488269381933525
8.71500e-07;0.001873459445107203
8.71750e-07;0.001896544021348875
8.72000e-07;0.0019172675278699143
8.72250e-07;0.0019360978613958502
8.72500e-07;0.0019549281949217782
8.72750e-07;0.0019707263593704725
8.73000e-07;0.001984093244232856
8.73250e-07;0.001997460129095239
8.73500e-07;0.002006359586884084
8.73750e-07;0.002011676934318744
8.74000e-07;0.0020169942817534012
8.74250e-07;0.002022311629188061
8.74500e-07;0.002027628976622721
8.74750e-07;0.0020329463240573806
8.75000e-07;0.002033185145793821
8.75250e-07;0.0020293518608818124
8.75500e-07;0.0020255185759698027
8.75750e-07;0.0020216852910577925
8.76000e-07;0.0020178520061457823
8.76250e-07;0.0020140187212337726
8.76500e-07;0.0020065904700539345
8.76750e-07;0.001996279672460024
8.77000e-07;0.001985968874866109
8.77250e-07;0.001975658077272194
8.77500e-07;0.0019653472796782793
8.77750e-07;0.0019550364820843645
8.78000e-07;0.0019445964717920957
8.78250e-07;0.0019319360010725806
8.78500e-07;0.0019192755303530603
8.78750e-07;0.0019066150596335398
8.79000e-07;0.0018939545889140193
8.79250e-07;0.0018812941181944988
8.79500e-07;0.0018686336474749838
8.79750e-07;0.001856748638752425
8.80000e-07;0.0018454854175605619
8.80250e-07;0.0018342221963686986
8.80500e-07;0.0018238168822680867
8.80750e-07;0.0018146516803161084
8.81000e-07;0.0018065552642215735
8.81250e-07;0.0017997413422147792
8.81500e-07;0.0017948650534000128
8.81750e-07;0.0017930935455785573
8.82000e-07;0.0017953439885106236
8.82250e-07;0.0018018335178900471
8.82500e-07;0.0018124551415221917
8.82750e-07;0.0018270763141612703
8.83000e-07;0.0018455645033652684
8.83250e-07;0.0018678378177726385
8.83500e-07;0.0018940906255687495
8.83750e-07;0.0019248380212731103
8.84000e-07;0.001960438481233613
8.84250e-07;0.002000812259675861
8.84500e-07;0.002045676164994343
8.84750e-07;0.0020947311384403636
8.85000e-07;0.002148654166057616
8.85250e-07;0.002205032476603871
8.85500e-07;0.002266390934045958
8.85750e-07;0.0023317426152088716
8.86000e-07;0.0023970942963717854
8.86250e-07;0.002467022487058744
8.86500e-07;0.002540620253517701
8.86750e-07;0.0026168863296261017
8.87000e-07;0.0026952919324612205
8.87250e-07;0.002775556739598417
8.87500e-07;0.0028573123097344276
8.87750e-07;0.002940487222381838
8.88000e-07;0.0030248002043077073
8.88250e-07;0.0031097506240166353
8.88500e-07;0.0031952121595076846
8.88750e-07;0.003280275312536731
8.89000e-07;0.0033650190311533953
8.89250e-07;0.0034483786194613518
8.89500e-07;0.0035306283726384826
8.89750e-07;0.003611377116837827
8.90000e-07;0.0036896476921304488
8.90250e-07;0.003764426737006245
8.90500e-07;0.003837225661526857
8.90750e-07;0.0039057905286548965
8.91000e-07;0.003970960407890224
8.91250e-07;0.004029970779109544
8.91500e-07;0.004084042281248715
8.91750e-07;0.0041381137833878855
8.92000e-07;0.004186038505591656
8.92250e-07;0.004229034564453052
8.92500e-07;0.0042720306233144665
8.92750e-07;0.004308345279782016
8.93000e-07;0.004339302597382664
8.93250e-07;0.004370259914983312
8.93500e-07;0.004392306573733106
8.93750e-07;0.004407208412252455
8.94000e-07;0.004422110250771811
8.94250e-07;0.004437012089291167
8.94500e-07;0.004451913927810523
8.94750e-07;0.0044658549853506
8.95000e-07;0.0044632854663672365
8.95250e-07;0.004460715947383872
8.95500e-07;0.004458146428400508
8.95750e-07;0.004455576909417144
8.96000e-07;0.00445300739043378
8.96250e-07;0.00444362022044549
8.96500e-07;0.004428766463570696
8.96750e-07;0.004413912706695896
8.97000e-07;0.004399058949821097
8.97250e-07;0.0043842051929462965
8.97500e-07;0.004365443747340752
8.97750e-07;0.004343549005537344
8.98000e-07;0.004321654263733946
8.98250e-07;0.004299759521930538
8.98500e-07;0.004277864780127131
8.98750e-07;0.004254961509151026
8.99000e-07;0.0042312495707400284
8.99250e-07;0.004207489045950283
8.99500e-07;0.0041838435923754625
8.99750e-07;0.004160672602824761
9.00000e-07;0.0041382929207859276
9.00250e-07;0.004116950611593815
9.00500e-07;0.004096856054082894
9.00750e-07;0.0040782166747491255
9.01000e-07;0.004061239434427161
9.01250e-07;0.004046666829085842
9.01500e-07;0.004033396413720146
9.01750e-07;0.0040233013739715984
9.02000e-07;0.0040146661240459715
9.02250e-07;0.0007149869355855881
9.02500e-07;-0.010626059887146532
9.02750e-07;-0.010838160710214106
9.03000e-07;-0.008497668677592938
9.03250e-07;-0.00426645779379293
9.03500e-07;0.004110900206039195
9.03750e-07;0.006420986078665416
9.04000e-07;0.005656610978935126
9.04250e-07;0.00320797888881939
9.04500e-07;-0.0031739609439034927
9.04750e-07;-0.005351117608560773
9.05000e-07;-0.002636231914672342
9.05250e-07;-8.387588922270921e-05
9.05500e-07;0.0037196935561095426
9.05750e-07;0.0064839479070385566
9.06000e-07;0.006564212913971038
9.06250e-07;0.004891260862463638
9.06500e-07;0.0021758405414067086
9.06750e-07;0.00018388488537189244
9.07000e-07;0.0005847893843543111
9.07250e-07;0.0023460899789501622
9.07500e-07;0.004653381132263651
9.07750e-07;0.006377010031652632
9.08000e-07;0.006422853762497097
9.08250e-07;0.005373341035877651
9.08500e-07;0.003673130781128838
9.08750e-07;0.0024278614500105092
9.09000e-07;0.002682673328666531
9.09250e-07;0.003790306486926626
9.09500e-07;0.005240196085147278
9.09750e-07;0.006324404808836286
9.10000e-07;0.006357350345815161
9.10250e-07;0.005703684520896807
9.10500e-07;0.004641757047540809
9.10750e-07;0.0038639310169991843
9.11000e-07;0.0040246299599571425
9.11250e-07;0.004718236979576725
9.11500e-07;0.0056252049152221125
9.11750e-07;0.006302959267201096
9.12000e-07;0.006322904296212412
9.12250e-07;0.005913723715018155
9.12500e-07;0.005249733690900782
9.12750e-07;0.004764564098293559
9.13000e-07;0.00486804609610858
9.13250e-07;0.00530599924534927
9.13500e-07;0.005878181657210642
9.13750e-07;0.0063073110085179575
9.14000e-07;0.006324889223472551
9.14250e-07;0.006074144074385807
9.14500e-07;0.005664238326123847
9.14750e-07;0.0053667525775496615
9.15000e-07;0.005438335975833239
9.15250e-07;0.005719699512981813
9.15500e-07;0.006085353754370078
9.15750e-07;0.006361566834285541
9.16000e-07;0.006380124500444967
9.16250e-07;0.006230721855394769
9.16500e-07;0.005981708836168314
9.16750e-07;0.005803162505507081
9.17000e-07;0.005855793221478852
9.17250e-07;0.006039763661769899
9.17500e-07;0.006276419238862062
9.17750e-07;0.00645689420578711
9.18000e-07;0.006475788197699032
9.18250e-07;0.00638925795087521
9.18500e-07;0.0062400856813875465
9.18750e-07;0.006134767744533121
9.19000e-07;0.006173924081664478
9.19250e-07;0.006294967314562687
9.19500e-07;0.006448581983158643
9.19750e-07;0.00656653522201918
9.20000e-07;0.006582770917713361
9.20250e-07;0.006532433791275214
9.20500e-07;0.0064422866629063455
9.20750e-07;0.006379000331729273
9.21000e-07;0.0064055574555139235
9.21250e-07;0.006482645865282646
9.21500e-07;0.0065789457852847965
9.21750e-07;0.006650874271266713
9.22000e-07;0.0066563739334852354
9.22250e-07;0.006617356521531477
9.22500e-07;0.006550747942713781
9.22750e-07;0.006498469336131857
9.23000e-07;0.006500129035448144
9.23250e-07;0.0065312569661184795
9.23500e-07;0.006572391383169821
9.23750e-07;0.006596391376022036
9.24000e-07;0.0065770738206884696
9.24250e-07;0.0065283266497698144
9.24500e-07;0.006460912876879671
9.24750e-07;0.006401251415054971
9.25000e-07;0.0063743104940120615
9.25250e-07;0.0063649181698387895
9.25500e-07;0.006361041530688829
9.25750e-07;0.006345838862417377
9.26000e-07;0.006303070172055904
9.26250e-07;0.0062415958243175135
9.26500e-07;0.006168318043710596
9.26750e-07;0.0060999449797214614
9.27000e-07;0.0060522738720919745
9.27250e-07;0.006015959470463119
9.27500e-07;0.005983622683974939
9.27750e-07;0.005944872984233092
9.28000e-07;0.005889697478293501
9.28250e-07;0.005823806226508994
9.28500e-07;0.005751683253716432
9.28750e-07;0.005683953359281863
9.29000e-07;0.00563067078973226
9.29250e-07;0.005586138903543411
9.29500e-07;0.0055458944203816436
9.29750e-07;0.005503587517317695
9.30000e-07;0.005453105908033564
9.30250e-07;0.005398186324042383
9.30500e-07;0.00534179609275412
9.30750e-07;0.005290750095971457
9.31000e-07;0.005251504508010551
9.31250e-07;0.005220632201269931
9.31500e-07;0.005195371286895196
9.31750e-07;0.0051715852670049505
9.32000e-07;0.0051451957679696765
9.32250e-07;0.005118846455009353
9.32500e-07;0.005094311925934326
9.32750e-07;0.005072688010163144
9.33000e-07;0.005061898082630018
9.33250e-07;0.005058588654695447
9.33500e-07;0.005060938614381846
9.33750e-07;0.0050635744099524855
9.34000e-07;0.005067307352458451
9.34250e-07;0.005073213395257863
9.34500e-07;0.005083809052189259
9.34750e-07;0.005094404709120659
9.35000e-07;0.005107793449462771
9.35250e-07;0.0051313164415214725
9.35500e-07;0.005159451386059748
9.35750e-07;0.005187586330598024
9.36000e-07;0.005216152578191904
9.36250e-07;0.005247451413400769
9.36500e-07;0.005283076131694316
9.36750e-07;0.005318700849987864
9.37000e-07;0.005354325568281412
9.37250e-07;0.005391914235538882
9.37500e-07;0.005435580924264215
9.37750e-07;0.005479217079098612
9.38000e-07;0.005522758737768322
9.38250e-07;0.005566404298852819
9.38500e-07;0.005610371416718699
9.38750e-07;0.005654338534584561
9.39000e-07;0.005698768645553033
9.39250e-07;0.005744540876969086
9.39500e-07;0.005790032259448754
9.39750e-07;0.005834685751021291
9.40000e-07;0.0058767461411360754
9.40250e-07;0.005917835360193992
9.40500e-07;0.005955919002915168
9.40750e-07;0.005993255105479176
9.41000e-07;0.006028277723728235
9.41250e-07;0.006061875938807202
9.41500e-07;0.006091065916602075
9.41750e-07;0.00611748908036732
9.42000e-07;0.006135349519042008
9.42250e-07;0.0061503145829283
9.42500e-07;0.0061563190523974895
9.42750e-07;0.0061592004032957086
9.43000e-07;0.006152416339221354
9.43250e-07;0.006145632275146997
9.43500e-07;0.006134454325408613
9.43750e-07;0.006109678195735689
9.44000e-07;0.006084902066062764
9.44250e-07;0.006055033666152879
9.44500e-07;0.006009405728500727
9.44750e-07;0.005963777790848557
9.45000e-07;0.005918149853196386
9.45250e-07;0.005867706118223075
9.45500e-07;0.005802358472791319
9.45750e-07;0.005737010827359589
9.46000e-07;0.005671663181927832
9.46250e-07;0.00560308349286533
9.46500e-07;0.005524501287987
9.46750e-07;0.005444482341289914
9.47000e-07;0.005360016971707738
9.47250e-07;0.005274730086936532
9.47500e-07;0.005186422131622543
9.47750e-07;0.005096183547778458
9.48000e-07;0.005004234549848955
9.48250e-07;0.004911122914460483
9.48500e-07;0.004817466115453665
9.48750e-07;0.004723939855890541
9.49000e-07;0.004631213274982194
9.49250e-07;0.0045397984206873646
9.49500e-07;0.004450158444418196
9.49750e-07;0.004362666285908979
9.50000e-07;0.0042777342029318615
9.50250e-07;0.004195979620288517
9.50500e-07;0.004118064389784891
9.50750e-07;0.0040446856289842415
9.51000e-07;0.003976537316098528
9.51250e-07;0.003914097360822413
9.51500e-07;0.0038571673562898916
9.51750e-07;0.0038045437684667296
9.52000e-07;0.003755073119750172
9.52250e-07;0.003708627077527548
9.52500e-07;0.0036655603870268103
9.52750e-07;0.003626252262253955
9.53000e-07;0.0035910794049086956
9.53250e-07;0.003560283788183555
9.53500e-07;0.003534008009892484
9.53750e-07;0.003511471516985973
9.54000e-07;0.003490498535562783
9.54250e-07;0.0034743643032801442
9.54500e-07;0.003458230070997492
9.54750e-07;0.0034446992619958944
9.55000e-07;0.003439225517043879
9.55250e-07;0.003433751772091858
9.55500e-07;0.0034282780271398423
9.55750e-07;0.003422804282187822
9.56000e-07;0.00342431396159265
9.56250e-07;0.0034282238607214613
9.56500e-07;0.00343213375985027
9.56750e-07;0.003436043658979078
9.57000e-07;0.0034415217289631953
9.57250e-07;0.003451852967893619
9.57500e-07;0.003462184206824052
9.57750e-07;0.003473258437101079
9.58000e-07;0.0034866320740521285
9.58250e-07;0.003500005711003189
9.58500e-07;0.003513848462997728
9.58750e-07;0.003529143030369149
9.59000e-07;0.0035444375977405572
9.59250e-07;0.0035600032931753624
9.59500e-07;0.0035764080746659406
9.59750e-07;0.003592812856156505
9.60000e-07;0.0036089999012477595
9.60250e-07;0.0036245130965935585
9.60500e-07;0.003640026291939371
9.60750e-07;0.0036552796554346874
9.61000e-07;0.003669567807594863
9.61250e-07;0.003683314960777213
9.61500e-07;0.0036973186775291424
9.61750e-07;0.003713365656769411
9.62000e-07;0.003732982400285246
9.62250e-07;0.003756473638811577
9.62500e-07;0.0037839447990323798
9.62750e-07;0.0038151562124754683
9.63000e-07;0.003847795554416925
9.63250e-07;0.003884854043814093
9.63500e-07;0.003924349046733439
9.63750e-07;0.003971384562041859
9.64000e-07;0.004018420077350239
9.64250e-07;0.00406863267149518
9.64500e-07;0.004128677676627935
9.64750e-07;0.0041887226817607405
9.65000e-07;0.004251207214002701
9.65250e-07;0.004321241585070781
9.65500e-07;0.004391275956138921
9.65750e-07;0.0044634111195556965
9.66000e-07;0.0045420478068047086
9.66250e-07;0.00462214727781302
9.66500e-07;0.004706773766200605
9.66750e-07;0.00479220220989193
9.67000e-07;0.004880488842032096
9.67250e-07;0.0049702319669359465
9.67500e-07;0.005061162370225478
9.67750e-07;0.005153252789682843
9.68000e-07;0.005246412033492099
9.68250e-07;0.005340249114432652
9.68500e-07;0.005434229680787362
9.68750e-07;0.005527820084720814
9.69000e-07;0.005620486450957304
9.69250e-07;0.00571171523858797
9.69500e-07;0.00580110611946477
9.69750e-07;0.005888411616701958
9.70000e-07;0.005973344487468257
9.70250e-07;0.0060554280973185905
9.70500e-07;0.006133560292423066
9.70750e-07;0.006207124996930656
9.71000e-07;0.006276613466797422
9.71250e-07;0.006333486821858239
9.71500e-07;0.006390360176919102
9.71750e-07;0.006447233531979919
9.72000e-07;0.006504106887040734
9.72250e-07;0.006555436310985851
9.72500e-07;0.006589608398893642
9.72750e-07;0.006623780486801462
9.73000e-07;0.006657952574709253
9.73250e-07;0.006692124662617044
9.73500e-07;0.006719880555739702
9.73750e-07;0.006727779634679344
9.74000e-07;0.006735678713618993
9.74250e-07;0.006743577792558635
9.74500e-07;0.006751476871498284
9.74750e-07;0.006759375950437926
9.75000e-07;0.006767275029377569
9.75250e-07;0.006769300716599151
9.75500e-07;0.006753149454418006
9.75750e-07;0.006736998192236846
9.76000e-07;0.006720846930055701
9.76250e-07;0.006704695667874554
9.76500e-07;0.006688544405693395
9.76750e-07;0.006672393143512249
9.77000e-07;0.006653343254684307
9.77250e-07;0.006625322707602281
9.77500e-07;0.0065973021605202535
9.77750e-07;0.006568356006300455
9.78000e-07;0.006536545286780601
9.78250e-07;0.006504734567260721
9.78500e-07;0.0064725686993555125
9.78750e-07;0.006439303719635369
9.79000e-07;0.006406038739915253
9.79250e-07;0.00637295650865984
9.79500e-07;0.006340439846628401
9.79750e-07;0.006307923184596989
9.80000e-07;0.006276440743386204
9.80250e-07;0.006248159004670694
9.80500e-07;0.006219877265955185
9.80750e-07;0.006191595527239652
9.81000e-07;0.00616841085927809
9.81250e-07;0.006146978066776279
9.81500e-07;0.006125545274274486
9.81750e-07;0.00610464241495511
9.82000e-07;0.006085379590747549
9.82250e-07;0.006066116766540005
9.82500e-07;0.006046853942332444
9.82750e-07;0.0060275911181249
9.83000e-07;0.006008527281635787
9.83250e-07;0.005990079271548774
9.83500e-07;0.00597163126146176
9.83750e-07;0.005953183251374732
9.84000e-07;0.005934735241287718
9.84250e-07;0.005915770109036071
9.84500e-07;0.005895204589159732
9.84750e-07;0.005874639069283393
9.85000e-07;0.005854073549407037
9.85250e-07;0.0058335080295306985
9.85500e-07;0.005812942509654342
9.85750e-07;0.005792376989778003
9.86000e-07;0.005771811469901664
9.86250e-07;0.005751245950025308
9.86500e-07;0.005729727333610738
9.86750e-07;0.005707881135626921
9.87000e-07;0.005686034937643122
9.87250e-07;0.005664188739659305
9.87500e-07;0.0056423425416755055
9.87750e-07;0.005620496343691707
9.88000e-07;0.0055986501457078895
9.88250e-07;0.00557680394772409
9.88500e-07;0.005555386424296997
9.88750e-07;0.005535295561188361
9.89000e-07;0.005515204698079727
9.89250e-07;0.005495113834971074
9.89500e-07;0.00547502297186244
9.89750e-07;0.005455957387912575
9.90000e-07;0.0054400648338380495
9.90250e-07;0.005424172279763524
9.90500e-07;0.005408279725688984
9.90750e-07;0.005392387171614458
9.91000e-07;0.005377678900372245
9.91250e-07;0.005366635742943742
9.91500e-07;0.005355592585515229
9.91750e-07;0.0053444131229779465
9.92000e-07;0.005332811823930476
9.92250e-07;0.005321210524882995
9.92500e-07;0.005309609225835525
9.92750e-07;0.005298007926788044
9.93000e-07;0.0052864066277405735
9.93250e-07;0.005274805328693103
9.93500e-07;0.005263204029645622
9.93750e-07;0.005249138753642652
9.94000e-07;0.005234226602842412
9.94250e-07;0.005219314452042185
9.94500e-07;0.005204402301241958
9.94750e-07;0.005189490150441718
9.95000e-07;0.005174577999641491
9.95250e-07;0.005159665848841251
9.95500e-07;0.005143807697069119
9.95750e-07;0.0051250218652401916
9.96000e-07;0.005106236033411281
9.96250e-07;0.005087450201582369
9.96500e-07;0.005068664369753443
9.96750e-07;0.005049878537924531
9.97000e-07;0.005031092706095605
9.97250e-07;0.005012306874266693
9.97500e-07;0.004992814263412717
9.97750e-07;0.004973078730910366
9.98000e-07;0.004953343198408031
9.98250e-07;0.00493360766590568
9.98500e-07;0.004913872133403345
9.98750e-07;0.004894136600901011
9.99000e-07;0.0048744010683986596
9.99250e-07;0.004855213940498867
9.99500e-07;0.004837724012988432
9.99750e-07;0.0048202340854780115
