Time(s);Current(A)
8.50000e-06;0.013153728867479163
8.50025e-06;0.013144838583812463
8.50050e-06;0.013137506925944299
8.50075e-06;0.013130175268076182
8.50100e-06;0.013122843610208018
8.50125e-06;0.013115511952339853
8.50150e-06;0.013108180294471737
8.50175e-06;0.013100848636603572
8.50200e-06;0.013094268877163098
8.50225e-06;0.013087814238599473
8.50250e-06;0.013081359600035803
8.50275e-06;0.013074904961472133
8.50300e-06;0.013068450322908508
8.50325e-06;0.013061995684344838
8.50350e-06;0.01305265808709448
8.50375e-06;0.013038135481135471
8.50400e-06;0.013023612875176364
8.50425e-06;0.013009090269217257
8.50450e-06;0.01299456766325815
8.50475e-06;0.012980045057299142
8.50500e-06;0.012965522451340035
8.50525e-06;0.012950999845380928
8.50550e-06;0.01293647723942192
8.50575e-06;0.012910690037871642
8.50600e-06;0.012883028333029862
8.50625e-06;0.012855366628188267
8.50650e-06;0.012827704923346485
8.50675e-06;0.012800043218504703
8.50700e-06;0.012772381513663108
8.50725e-06;0.012744719808821326
8.50750e-06;0.012717058103979544
8.50775e-06;0.012685857319878808
8.50800e-06;0.012648291492509118
8.50825e-06;0.012610725665139428
8.50850e-06;0.012573159837769993
8.50875e-06;0.012535594010400303
8.50900e-06;0.012498028183030613
8.50925e-06;0.012460462355661178
8.50950e-06;0.012422896528291488
8.50975e-06;0.012385330700921798
8.51000e-06;0.012347764873552363
8.51025e-06;0.012311779061496927
8.51050e-06;0.01227605617445147
8.51075e-06;0.012240333287406252
8.51100e-06;0.012204610400360794
8.51125e-06;0.012168887513315334
8.51150e-06;0.012133164626270117
8.51175e-06;0.01209744173922466
8.51200e-06;0.012061718852179201
8.51225e-06;0.012025995965133984
8.51250e-06;0.011993743165097244
8.51275e-06;0.011967731325588234
8.51300e-06;0.011941719486079224
8.51325e-06;0.011921801857635667
8.51350e-06;0.011912844683673788
8.51375e-06;0.01190388750971191
8.51400e-06;0.011894930335750092
8.51425e-06;0.011885973161788214
8.51450e-06;0.011877015987826336
8.51475e-06;0.011868058813864518
8.51500e-06;0.011881488460510204
8.51525e-06;0.011898643422334656
8.51550e-06;0.011915798384158993
8.51575e-06;0.011932953345983446
8.51600e-06;0.011950108307807898
8.51625e-06;0.011967263269632235
8.51650e-06;0.011994303344848457
8.51675e-06;0.012039121822259476
8.51700e-06;0.012083940299670191
8.51725e-06;0.01212875877708121
8.51750e-06;0.012173577254492229
8.51775e-06;0.012218395731902944
8.51800e-06;0.012263214209313963
8.51825e-06;0.012308032686724982
8.51850e-06;0.012352851164135698
8.51875e-06;0.012397669641546717
8.51900e-06;0.012454866936741478
8.51925e-06;0.012514124149179158
8.51950e-06;0.01257338136161724
8.51975e-06;0.01263263857405532
8.52000e-06;0.012691895786493
8.52025e-06;0.012751152998931082
8.52050e-06;0.012810410211369165
8.52075e-06;0.012869667423806843
8.52100e-06;0.012928924636244926
8.52125e-06;0.012984961981274903
8.52150e-06;0.013035208386379699
8.52175e-06;0.013085454791484154
8.52200e-06;0.01313570119658895
8.52225e-06;0.013185947601693747
8.52250e-06;0.013236194006798202
8.52275e-06;0.013280097484870827
8.52300e-06;0.01331259319214431
8.52325e-06;0.013345088899417573
8.52350e-06;0.013377584606691056
8.52375e-06;0.01341008031396454
8.52400e-06;0.013442576021237803
8.52425e-06;0.013465322949581433
8.52450e-06;0.013470536673610116
8.52475e-06;0.013475750397638766
8.52500e-06;0.013480964121667448
8.52525e-06;0.013486177845696133
8.52550e-06;0.013491391569724783
8.52575e-06;0.013496605293753466
8.52600e-06;0.01350181901778215
8.52625e-06;0.013507032741810799
8.52650e-06;0.013512246465839484
8.52675e-06;0.013517460189868168
8.52700e-06;0.013522673913896817
8.52725e-06;0.013527887637925501
8.52750e-06;0.013533101361954186
8.52775e-06;0.013538315085982834
8.52800e-06;0.013543528810011519
8.52825e-06;0.013531052182971277
8.52850e-06;0.013515631764378177
8.52875e-06;0.013500211345784972
8.52900e-06;0.013484790927191768
8.52925e-06;0.013469370508598668
8.52950e-06;0.013453950090005462
8.52975e-06;0.013438529671412259
8.53000e-06;0.013423109252819053
8.53025e-06;0.013407688834225953
8.53050e-06;0.013392268415632748
8.53075e-06;0.013376847997039544
8.53100e-06;0.013361427578446442
8.53125e-06;0.013346007159853238
8.53150e-06;0.013330586741260033
8.53175e-06;0.013315166322666933
8.53200e-06;0.013301929482102638
8.53225e-06;0.013292619812315396
8.53250e-06;0.013283310142528218
8.53275e-06;0.013274000472740978
8.53300e-06;0.013264690802953736
8.53325e-06;0.013255381133166558
8.53350e-06;0.013246071463379317
8.53375e-06;0.013236761793592075
8.53400e-06;0.013227452123804898
8.53425e-06;0.013218142454017657
8.53450e-06;0.013208832784230415
8.53475e-06;0.013199523114443237
8.53500e-06;0.013190213444655995
8.53525e-06;0.013180903774868755
8.53550e-06;0.013171594105081577
8.53575e-06;0.013162284435294335
8.53600e-06;0.013152974765507095
8.53625e-06;0.013152464305877215
8.53650e-06;0.013153418093081208
8.53675e-06;0.013154371880285199
8.53700e-06;0.013155325667489184
8.53725e-06;0.013156279454693175
8.53750e-06;0.013157233241897168
8.53775e-06;0.013158187029101154
8.53800e-06;0.013159140816305145
8.53825e-06;0.013160094603509137
8.53850e-06;0.013161048390713128
8.53875e-06;0.013162002177917114
8.53900e-06;0.013162955965121107
8.53925e-06;0.013163909752325098
8.53950e-06;0.013164863539529083
8.53975e-06;0.013165817326733074
8.54000e-06;0.013166771113937067
8.54025e-06;0.013168462252179347
8.54050e-06;0.013171479518186379
8.54075e-06;0.013174496784193409
8.54100e-06;0.01317751405020042
8.54125e-06;0.01318053131620745
8.54150e-06;0.013183548582214481
8.54175e-06;0.01318656584822149
8.54200e-06;0.013189583114228522
8.54225e-06;0.013192600380235552
8.54250e-06;0.013195566263349364
8.54275e-06;0.013198523596009534
8.54300e-06;0.013201480928669703
8.54325e-06;0.013204438261329854
8.54350e-06;0.013207395593990024
8.54375e-06;0.013210352926650194
8.54400e-06;0.013213310259310345
8.54425e-06;0.013216267591970515
8.54450e-06;0.013221519875778397
8.54475e-06;0.01323089963520922
8.54500e-06;0.013240279394640104
8.54525e-06;0.013249659154070989
8.54550e-06;0.013259038913501811
8.54575e-06;0.013268418672932696
8.54600e-06;0.013277798432363581
8.54625e-06;0.013287178191794403
8.54650e-06;0.013296557951225288
8.54675e-06;0.013305937710656175
8.54700e-06;0.01331531747008706
8.54725e-06;0.01332469722951788
8.54750e-06;0.013334076988948767
8.54775e-06;0.01334878735813844
8.54800e-06;0.013364384776088964
8.54825e-06;0.013379982194039594
8.54850e-06;0.013395579611990224
8.54875e-06;0.01341117702994075
8.54900e-06;0.01342677444789138
8.54925e-06;0.013442371865842009
8.54950e-06;0.013457969283792533
8.54975e-06;0.013473566701743165
8.55000e-06;0.013489164119693794
8.55025e-06;0.013504761537644318
8.55050e-06;0.013520358955594948
8.55075e-06;0.013535027422065794
8.55100e-06;0.013548025166877621
8.55125e-06;0.013561022911689537
8.55150e-06;0.013574020656501453
8.55175e-06;0.01358701840131328
8.55200e-06;0.013600016146125197
8.55225e-06;0.01361301389093711
8.55250e-06;0.013626011635748938
8.55275e-06;0.013639009380560854
8.55300e-06;0.013646205430981575
8.55325e-06;0.013642967118909369
8.55350e-06;0.013639728806837139
8.55375e-06;0.01363649049476491
8.55400e-06;0.013633252182692703
8.55425e-06;0.013630013870620475
8.55450e-06;0.013626775558548245
8.55475e-06;0.013623537246476039
8.55500e-06;0.013620298934403809
8.55525e-06;0.013608007569049861
8.55550e-06;0.013579434263758574
8.55575e-06;0.013550860958467479
8.55600e-06;0.013522287653176191
8.55625e-06;0.013493714347884902
8.55650e-06;0.013465141042593809
8.55675e-06;0.013436567737302521
8.55700e-06;0.013407994432011232
8.55725e-06;0.013379421126720139
8.55750e-06;0.013334850739262731
8.55775e-06;0.013287618331405342
8.55800e-06;0.013240385923548271
8.55825e-06;0.013193153515690881
8.55850e-06;0.013145921107833492
8.55875e-06;0.013098688699976421
8.55900e-06;0.013051456292119032
8.55925e-06;0.013004223884261642
8.55950e-06;0.012954993412269664
8.55975e-06;0.01290216941671919
8.56000e-06;0.012849345421168716
8.56025e-06;0.012796521425618601
8.56050e-06;0.012743697430068127
8.56075e-06;0.012690873434517655
8.56100e-06;0.012640185638372358
8.56125e-06;0.012593339802428341
8.56150e-06;0.012546493966484325
8.56175e-06;0.012499648130540626
8.56200e-06;0.012452802294596608
8.56225e-06;0.012405956458652593
8.56250e-06;0.012362814056116339
8.56275e-06;0.012326332288223501
8.56300e-06;0.012289850520330664
8.56325e-06;0.012253371034448433
8.56350e-06;0.012216895652767535
8.56375e-06;0.012180420271086637
8.56400e-06;0.01214394488940574
8.56425e-06;0.01210746950772509
8.56450e-06;0.012070994126044192
8.56475e-06;0.012034518744363296
8.56500e-06;0.01199601769815475
8.56525e-06;0.01195387348900825
8.56550e-06;0.011911729279861751
8.56575e-06;0.011869585070715536
8.56600e-06;0.011827440861569036
8.56625e-06;0.011785296652422537
8.56650e-06;0.011743152443276323
8.56675e-06;0.011698175091858162
8.56700e-06;0.011648102326673388
8.56725e-06;0.011598029561488955
8.56750e-06;0.011547956796304182
8.56775e-06;0.011497884031119407
8.56800e-06;0.011447811265934974
8.56825e-06;0.011397738500750201
8.56850e-06;0.011347665735565428
8.56875e-06;0.011297592970380993
8.56900e-06;0.011246891669815557
8.56925e-06;0.011195059946728194
8.56950e-06;0.011143228223641182
8.56975e-06;0.011091396500553817
8.57000e-06;0.011039564777466454
8.57025e-06;0.010987733054379441
8.57050e-06;0.010935901331292077
8.57075e-06;0.010884069608204714
8.57100e-06;0.010832237885117701
8.57125e-06;0.010784376880126099
8.57150e-06;0.010743657221989694
8.57175e-06;0.010702937563853565
8.57200e-06;0.010662217905717161
8.57225e-06;0.010621498247580756
8.57250e-06;0.010580778589444352
8.57275e-06;0.010540058931308223
8.57300e-06;0.010499339273171818
8.57325e-06;0.010477914959163412
8.57350e-06;0.010459701518188983
8.57375e-06;0.01044148807721443
8.57400e-06;0.010423274636239875
8.57425e-06;0.010405061195265446
8.57450e-06;0.010386847754290891
8.57475e-06;0.010368634313316338
8.57500e-06;0.010360985831971717
8.57525e-06;0.010372338458088385
8.57550e-06;0.010383691084205053
8.57575e-06;0.010395043710321645
8.57600e-06;0.010406396336438313
8.57625e-06;0.010417748962554983
8.57650e-06;0.010429101588671573
8.57675e-06;0.010440454214788243
8.57700e-06;0.010451806840904911
8.57725e-06;0.010463159467021503
8.57750e-06;0.01049489268536724
8.57775e-06;0.010530017369217956
8.57800e-06;0.010565142053068433
8.57825e-06;0.010600266736919148
8.57850e-06;0.010635391420769863
8.57875e-06;0.01067051610462034
8.57900e-06;0.010705640788471055
8.57925e-06;0.01074076547232177
8.57950e-06;0.010775890156172247
8.57975e-06;0.010813290250720245
8.58000e-06;0.01085478267734491
8.58025e-06;0.010896275103969294
8.58050e-06;0.010937767530593959
8.58075e-06;0.010979259957218622
8.58100e-06;0.011020752383843287
8.58125e-06;0.011062244810467671
8.58150e-06;0.01109720010613335
8.58175e-06;0.011131067579919043
8.58200e-06;0.011164935053704509
8.58225e-06;0.011198802527490202
8.58250e-06;0.011232670001275896
8.58275e-06;0.01126653747506136
8.58300e-06;0.011293052194449656
8.58325e-06;0.01130634296586592
8.58350e-06;0.011319633737282094
8.58375e-06;0.011332924508698357
8.58400e-06;0.011346215280114622
8.58425e-06;0.011359506051530795
8.58450e-06;0.01137279682294706
8.58475e-06;0.011386087594363324
8.58500e-06;0.011399378365779497
8.58525e-06;0.011412669137195762
8.58550e-06;0.011425959908612025
8.58575e-06;0.0114392506800282
8.58600e-06;0.011452541451444464
8.58625e-06;0.011465832222860727
8.58650e-06;0.011479122994276902
8.58675e-06;0.011492413765693165
8.58700e-06;0.01150570453710943
8.58725e-06;0.011518995308525603
8.58750e-06;0.011532286079941867
8.58775e-06;0.011545576851358132
8.58800e-06;0.011558867622774305
8.58825e-06;0.011567409673263116
8.58850e-06;0.01156741113677002
8.58875e-06;0.011567412600276923
8.58900e-06;0.011567414063783825
8.58925e-06;0.01156741552729073
8.58950e-06;0.011567416990797632
8.58975e-06;0.011567418454304534
8.59000e-06;0.011567419917811437
8.59025e-06;0.011567421381318341
8.59050e-06;0.011567422844825244
8.59075e-06;0.011567424308332146
8.59100e-06;0.01156742577183905
8.59125e-06;0.011567427235345953
8.59150e-06;0.011567428698852855
8.59175e-06;0.011567430162359758
8.59200e-06;0.011567431625866662
8.59225e-06;0.011567433089373564
8.59250e-06;0.011567434552880467
8.59275e-06;0.011567436016387371
8.59300e-06;0.011567437479894273
8.59325e-06;0.011567438943401176
8.59350e-06;0.011569591089297709
8.59375e-06;0.011575611243085714
8.59400e-06;0.011581631396873722
8.59425e-06;0.011587651550661687
8.59450e-06;0.011593671704449695
8.59475e-06;0.011599691858237702
8.59500e-06;0.011605712012025668
8.59525e-06;0.011611732165813673
8.59550e-06;0.01161775231960168
8.59575e-06;0.011623772473389646
8.59600e-06;0.011629792627177653
8.59625e-06;0.011639690698841902
8.59650e-06;0.011656563215929042
8.59675e-06;0.011673435733016295
8.59700e-06;0.011690308250103549
8.59725e-06;0.011707180767190687
8.59750e-06;0.01172405328427794
8.59775e-06;0.011740925801365194
8.59800e-06;0.011757798318452447
8.59825e-06;0.011774670835539586
8.59850e-06;0.011791543352626839
8.59875e-06;0.011808415869714092
8.59900e-06;0.011826965623963227
8.59925e-06;0.011848531893626708
8.59950e-06;0.01187009816329019
8.59975e-06;0.011891664432953525
8.60000e-06;0.011913230702617007
8.60025e-06;0.011934796972280488
8.60050e-06;0.011951821634552901
8.60075e-06;0.01196831277575711
8.60100e-06;0.011984803916961318
8.60125e-06;0.012001295058165416
8.60150e-06;0.012017786199369626
8.60175e-06;0.012047970321202044
8.60200e-06;0.011266086425060823
8.60225e-06;0.0013092307023656272
8.60250e-06;-0.002786119261393229
8.60275e-06;-0.0005928260765395569
8.60300e-06;0.002121922290938828
8.60325e-06;0.00915089897613124
8.60350e-06;0.014189286022916886
8.60375e-06;0.01373374815738802
8.60400e-06;0.01255428260583593
8.60425e-06;0.007390770718131815
8.60450e-06;0.003695553849180485
8.60475e-06;0.005008496658099605
8.60500e-06;0.007206941331201139
8.60525e-06;0.011002753247826083
8.60550e-06;0.014249084145671533
8.60575e-06;0.014868793941468087
8.60600e-06;0.013482931948997896
8.60625e-06;0.01078264665102642
8.60650e-06;0.008461281347004041
8.60675e-06;0.008452259855436642
8.60700e-06;0.009973653488337916
8.60725e-06;0.012277237561031086
8.60750e-06;0.014296341156824302
8.60775e-06;0.014683298474551092
8.60800e-06;0.013817219973435086
8.60825e-06;0.012130554172402686
8.60850e-06;0.010683524247432687
8.60875e-06;0.010686693064947543
8.60900e-06;0.01164974817473415
8.60925e-06;0.01310357561034903
8.60950e-06;0.014379673509073883
8.60975e-06;0.014633627364957349
8.61000e-06;0.014102724286218477
8.61025e-06;0.013057662172481022
8.61050e-06;0.012162350449815316
8.61075e-06;0.012174825562449016
8.61100e-06;0.012787689024855019
8.61125e-06;0.013706859413480169
8.61150e-06;0.014513402102739754
8.61175e-06;0.014678241680748737
8.61200e-06;0.0143499052730238
8.61225e-06;0.013697839149687864
8.61250e-06;0.013137776368721012
8.61275e-06;0.013144344694671167
8.61300e-06;0.013524588534251127
8.61325e-06;0.014093567241462606
8.61350e-06;0.014588201653117682
8.61375e-06;0.014676981839092761
8.61400e-06;0.014453174227410687
8.61425e-06;0.014023153613890452
8.61450e-06;0.013647553442561886
8.61475e-06;0.01362387465224804
8.61500e-06;0.013831439157077378
8.61525e-06;0.014154598960268253
8.61550e-06;0.014428773644769454
8.61575e-06;0.014446538790151241
8.61600e-06;0.014266552126929344
8.61625e-06;0.013955680273254629
8.61650e-06;0.013677406521256949
8.61675e-06;0.01361829179482446
8.61700e-06;0.013702945416173649
8.61725e-06;0.013859135072336564
8.61750e-06;0.0139839850163229
8.61775e-06;0.01394779225955332
8.61800e-06;0.013787533967710694
8.61825e-06;0.013545322865513049
8.61850e-06;0.013323787470564261
8.61875e-06;0.013240003017040997
8.61900e-06;0.013246953454139404
8.61925e-06;0.013299605505602574
8.61950e-06;0.013333738568312738
8.61975e-06;0.013268331711412493
8.62000e-06;0.01312677533151392
8.62025e-06;0.012935675206070252
8.62050e-06;0.012759538863203116
8.62075e-06;0.012671918330145785
8.62100e-06;0.012643575740292696
8.62125e-06;0.012646519862056777
8.62150e-06;0.012640740545700118
8.62175e-06;0.012575711032122686
8.62200e-06;0.01246630836998605
8.62225e-06;0.01232942112415856
8.62250e-06;0.012205679247468643
8.62275e-06;0.012141321096832849
8.62300e-06;0.012117815934505383
8.62325e-06;0.012116597811749483
8.62350e-06;0.01211132545794009
8.62375e-06;0.01206978377273457
8.62400e-06;0.012001227388653555
8.62425e-06;0.011916192272799876
8.62450e-06;0.011840084013953443
8.62475e-06;0.011801820228563138
8.62500e-06;0.011790132516982297
8.62525e-06;0.011793639412137
8.62550e-06;0.01179259523840808
8.62575e-06;0.011770749400742965
8.62600e-06;0.011732478691064942
8.62625e-06;0.011684396369182531
8.62650e-06;0.011641752731495768
8.62675e-06;0.011623384744730169
8.62700e-06;0.011621924109988255
8.62725e-06;0.0116302077586282
8.62750e-06;0.011635682531459713
8.62775e-06;0.011628300189136166
8.62800e-06;0.011610691988235056
8.62825e-06;0.011586957232421062
8.62850e-06;0.011566615765139704
8.62875e-06;0.01156140782059876
8.62900e-06;0.011566656317030174
8.62925e-06;0.011577813561474106
8.62950e-06;0.011587140838527984
8.62975e-06;0.011588090154865666
8.63000e-06;0.0115823048839157
8.63025e-06;0.011572278265077356
8.63050e-06;0.01156425129760462
8.63075e-06;0.011565133476219258
8.63100e-06;0.01157159563965542
8.63125e-06;0.011579476491281781
8.63150e-06;0.011587357342908194
8.63175e-06;0.011593285460397252
8.63200e-06;0.011591276604821423
8.63225e-06;0.011587059265762725
8.63250e-06;0.011582841926703998
8.63275e-06;0.011580050936546864
8.63300e-06;0.011583478560567243
8.63325e-06;0.011590104610244789
8.63350e-06;0.011596730659922335
8.63375e-06;0.011603216414054806
8.63400e-06;0.011609801146352731
8.63425e-06;0.011618746189241054
8.63450e-06;0.011627691232129318
8.63475e-06;0.01163841860838851
8.63500e-06;0.011657304658867065
8.63525e-06;0.011681647982243344
8.63550e-06;0.011705991305619787
8.63575e-06;0.01173033462899623
8.63600e-06;0.011754677952372509
8.63625e-06;0.011786310671997247
8.63650e-06;0.011820922137199685
8.63675e-06;0.011855533602401888
8.63700e-06;0.011890145067604326
8.63725e-06;0.011927359431665702
8.63750e-06;0.011974371314663432
8.63775e-06;0.012021383197661481
8.63800e-06;0.01206839508065953
8.63825e-06;0.01211540696365726
8.63850e-06;0.01216241884665531
8.63875e-06;0.012209430729653359
8.63900e-06;0.01225644261265109
8.63925e-06;0.012304394770662362
8.63950e-06;0.01235588619882899
8.63975e-06;0.012407377626995269
8.64000e-06;0.012458869055161897
8.64025e-06;0.012510360483328525
8.64050e-06;0.012561851911495153
8.64075e-06;0.01261334333966143
8.64100e-06;0.012664834767828058
8.64125e-06;0.012714034638481907
8.64150e-06;0.012754608903859495
8.64175e-06;0.012795183169237357
8.64200e-06;0.012835757434615219
8.64225e-06;0.012876331699992806
8.64250e-06;0.012916905965370668
8.64275e-06;0.01295748023074853
8.64300e-06;0.01299219849994295
8.64325e-06;0.013004874332367808
8.64350e-06;0.013017550164792665
8.64375e-06;0.013030225997217437
8.64400e-06;0.013042901829642293
8.64425e-06;0.013055577662067152
8.64450e-06;0.013068253494491923
8.64475e-06;0.013073062368965735
8.64500e-06;0.013048259386158553
8.64525e-06;0.013023456403351539
8.64550e-06;0.012998653420544357
8.64575e-06;0.012973850437737175
8.64600e-06;0.012949047454930161
8.64625e-06;0.01292424447212298
8.64650e-06;0.012899441489315797
8.64675e-06;0.012850739353923776
8.64700e-06;0.012792271046865707
8.64725e-06;0.012733802739807638
8.64750e-06;0.012675334432749964
8.64775e-06;0.012616866125691895
8.64800e-06;0.012558397818633826
8.64825e-06;0.012499929511576153
8.64850e-06;0.012438194370949366
8.64875e-06;0.012364162608170607
8.64900e-06;0.01229013084539235
8.64925e-06;0.0122151552643725
8.64950e-06;0.012136627076203497
8.64975e-06;0.012058098888034495
8.65000e-06;0.011979373842995944
8.65025e-06;0.011899907812994303
8.65050e-06;0.011820441782992663
8.65075e-06;0.011741646278378209
8.65100e-06;0.0116653746848075
8.65125e-06;0.01158910309123679
8.65150e-06;0.011514275636016298
8.65175e-06;0.01144488403274513
8.65200e-06;0.011375492429473964
8.65225e-06;0.011310328920594772
8.65250e-06;0.011261080296288263
8.65275e-06;0.011211831671981753
8.65300e-06;0.011162583047675576
8.65325e-06;0.011113334423369066
8.65350e-06;0.011064085799062557
8.65375e-06;0.01101483717475638
8.65400e-06;0.010990493654226757
8.65425e-06;0.010976327378184464
8.65450e-06;0.010962161102142267
8.65475e-06;0.010947994826099974
8.65500e-06;0.010933828550057681
8.65525e-06;0.010919662274015484
8.65550e-06;0.010914123387855105
8.65575e-06;0.01094105868543701
8.65600e-06;0.010967993983018731
8.65625e-06;0.010994929280600637
8.65650e-06;0.011021864578182541
8.65675e-06;0.011048799875764265
8.65700e-06;0.011075735173346169
8.65725e-06;0.011102670470928075
8.65750e-06;0.011129605768509796
8.65775e-06;0.011163203138730177
8.65800e-06;0.011221877081812713
8.65825e-06;0.011280551024895249
8.65850e-06;0.011339224967977388
8.65875e-06;0.011397898911059922
8.65900e-06;0.011456572854142458
8.65925e-06;0.011515246797224597
8.65950e-06;0.011573920740307133
8.65975e-06;0.011632594683389667
8.66000e-06;0.011692629806631293
8.66025e-06;0.011757788520578936
8.66050e-06;0.011822947234526579
8.66075e-06;0.01188810594847378
8.66100e-06;0.011953264662421423
8.66125e-06;0.012018423376369066
8.66150e-06;0.012076159542519484
8.66175e-06;0.012130862551918985
8.66200e-06;0.012185565561318485
8.66225e-06;0.012240268570717616
8.66250e-06;0.012294971580117116
8.66275e-06;0.012344873668980218
8.66300e-06;0.012376704709958433
8.66325e-06;0.012408535750936865
8.66350e-06;0.012440366791915297
8.66375e-06;0.012472197832893512
8.66400e-06;0.012504028873871944
8.66425e-06;0.012535859914850376
8.66450e-06;0.012567690955828593
8.66475e-06;0.012599521996807023
8.66500e-06;0.012631353037785455
8.66525e-06;0.012663184078763672
8.66550e-06;0.012695015119742104
8.66575e-06;0.012726846160720534
8.66600e-06;0.01274739782849041
8.66625e-06;0.012763340282828484
8.66650e-06;0.012779282737166558
8.66675e-06;0.012795225191504632
8.66700e-06;0.012811167645842598
8.66725e-06;0.012827110100180672
8.66750e-06;0.012843052554518746
8.66775e-06;0.01285899500885671
8.66800e-06;0.012874937463194784
8.66825e-06;0.012890879917532858
8.66850e-06;0.012906822371870824
8.66875e-06;0.012922764826208898
8.66900e-06;0.012937090754617546
8.66925e-06;0.012945331950470053
8.66950e-06;0.012953573146322615
8.66975e-06;0.012961814342175177
8.67000e-06;0.012970055538027684
8.67025e-06;0.012978296733880247
8.67050e-06;0.01298653792973281
8.67075e-06;0.012994779125585316
8.67100e-06;0.013003020321437879
8.67125e-06;0.013011261517290441
8.67150e-06;0.013019502713142946
8.67175e-06;0.013027743908995509
8.67200e-06;0.013034231573444586
8.67225e-06;0.013034118805802842
8.67250e-06;0.0130340060381611
8.67275e-06;0.013033893270519356
8.67300e-06;0.013033780502877615
8.67325e-06;0.013033667735235871
8.67350e-06;0.013033554967594127
8.67375e-06;0.013033442199952385
8.67400e-06;0.013033329432310642
8.67425e-06;0.013033216664668898
8.67450e-06;0.013033103897027156
8.67475e-06;0.013032991129385413
8.67500e-06;0.013029551751067686
8.67525e-06;0.013013590744783926
8.67550e-06;0.012997629738500273
8.67575e-06;0.012981668732216513
8.67600e-06;0.012965707725932753
8.67625e-06;0.012949746719649102
8.67650e-06;0.012933785713365342
8.67675e-06;0.012917824707081582
8.67700e-06;0.01290186370079793
8.67725e-06;0.01288590269451417
8.67750e-06;0.01286994168823041
8.67775e-06;0.012853980681946759
8.67800e-06;0.012838019675662999
8.67825e-06;0.012822058669379239
8.67850e-06;0.012800053872956895
8.67875e-06;0.012775579336577716
8.67900e-06;0.012751104800198537
8.67925e-06;0.012726630263819524
8.67950e-06;0.012702155727440347
8.67975e-06;0.012677681191061168
8.68000e-06;0.012653206654682156
8.68025e-06;0.012628732118302977
8.68050e-06;0.0126042575819238
8.68075e-06;0.012579783045544787
8.68100e-06;0.012555308509165608
8.68125e-06;0.01253083397278643
8.68150e-06;0.012506359436407417
8.68175e-06;0.012483052189494347
8.68200e-06;0.01246413871325428
8.68225e-06;0.01244522523701434
8.68250e-06;0.012426311760774272
8.68275e-06;0.012407398284534205
8.68300e-06;0.012388484808294267
8.68325e-06;0.0123695713320542
8.68350e-06;0.012350657855814132
8.68375e-06;0.012331744379574065
8.68400e-06;0.012312830903334125
8.68425e-06;0.012293917427094058
8.68450e-06;0.012274150626925481
8.68475e-06;0.01225403512368258
8.68500e-06;0.012233919620439543
8.68525e-06;0.012213804117196504
8.68550e-06;0.012193688613953603
8.68575e-06;0.012173573110710566
8.68600e-06;0.012153457607467529
8.68625e-06;0.012133342104224627
8.68650e-06;0.012113226600981589
8.68675e-06;0.012093111097738552
8.68700e-06;0.012072190838361566
8.68725e-06;0.012048241412694042
8.68750e-06;0.012024291987026517
8.68775e-06;0.012000342561359154
8.68800e-06;0.01197639313569163
8.68825e-06;0.011952443710024106
8.68850e-06;0.011928224966434562
8.68875e-06;0.011902992488700075
8.68900e-06;0.011877760010965589
8.68925e-06;0.011852527533231273
8.68950e-06;0.011827295055496788
8.68975e-06;0.011802062577762302
8.69000e-06;0.011776851245362064
8.69025e-06;0.011752391477686294
8.69050e-06;0.011730461066228279
8.69075e-06;0.011708530654770413
8.69100e-06;0.011686600243312396
8.69125e-06;0.011664669831854381
8.69150e-06;0.011642739420396515
8.69175e-06;0.011620809008938499
8.69200e-06;0.011598878597480483
8.69225e-06;0.011576948186022468
8.69250e-06;0.0115550177745646
8.69275e-06;0.011533173991557844
8.69300e-06;0.011511656284952739
8.69325e-06;0.01149013857834778
8.69350e-06;0.011468620871742675
8.69375e-06;0.011447103165137572
8.69400e-06;0.011425585458532613
8.69425e-06;0.011404067751927508
8.69450e-06;0.01137209920055749
8.69475e-06;0.011335860006375488
8.69500e-06;0.011299620812193238
8.69525e-06;0.011263381618010989
8.69550e-06;0.011227142423828985
8.69575e-06;0.011190903229646736
8.69600e-06;0.011150449518337349
8.69625e-06;0.011094132028329588
8.69650e-06;0.011037814538321445
8.69675e-06;0.010981497048313303
8.69700e-06;0.010925179558305543
8.69725e-06;0.0108688620682974
8.69750e-06;0.010812544578289259
8.69775e-06;0.010756227088281497
8.69800e-06;0.010699909598273355
8.69825e-06;0.010640894867228847
8.69850e-06;0.01057172750573806
8.69875e-06;0.010502560144246805
8.69900e-06;0.010433392782755548
8.69925e-06;0.01036422542126476
8.69950e-06;0.010295058059773503
8.69975e-06;0.010225890698282248
8.70000e-06;0.01015672333679146
8.70025e-06;0.010087555975300203
8.70050e-06;0.01001985172539621
8.70075e-06;0.009957654744234377
8.70100e-06;0.009895457763072966
8.70125e-06;0.009833260781911133
8.70150e-06;0.0097710638007493
8.70175e-06;0.009708866819587889
8.70200e-06;0.009646669838426056
8.70225e-06;0.009584472857264223
8.70250e-06;0.009528499202053602
8.70275e-06;0.009495950642223982
8.70300e-06;0.009463402082394361
8.70325e-06;0.009430853522564961
8.70350e-06;0.00939830496273534
8.70375e-06;0.009365756402905722
8.70400e-06;0.009333207843076322
8.70425e-06;0.009300659283246701
8.70450e-06;0.009277295821573536
8.70475e-06;0.009288505802158151
8.70500e-06;0.009299715782742841
8.70525e-06;0.009310925763327533
8.70550e-06;0.009322135743912146
8.70575e-06;0.009333345724496837
8.70600e-06;0.009344555705081527
8.70625e-06;0.009355765685666142
8.70650e-06;0.009375048166326625
8.70675e-06;0.00942471618130756
8.70700e-06;0.009474384196288162
8.70725e-06;0.009524052211269098
8.70750e-06;0.009573720226250035
8.70775e-06;0.009623388241230635
8.70800e-06;0.009673056256211572
8.70825e-06;0.009722724271192508
8.70850e-06;0.009776886649247437
8.70875e-06;0.009847966168481643
8.70900e-06;0.009919045687715847
8.70925e-06;0.009990125206950053
8.70950e-06;0.010061204726183777
8.70975e-06;0.010132284245417983
8.71000e-06;0.010203363764652189
8.71025e-06;0.010274443283885912
8.71050e-06;0.010345522803120118
8.71075e-06;0.010416602322354324
8.71100e-06;0.010479486577411793
8.71125e-06;0.010539021912180842
8.71150e-06;0.010598557246949889
8.71175e-06;0.010658092581718534
8.71200e-06;0.010717627916487582
8.71225e-06;0.010777163251256631
8.71250e-06;0.010836698586025276
8.71275e-06;0.010896233920794324
8.71300e-06;0.010955769255563371
8.71325e-06;0.011007197962090164
8.71350e-06;0.011028112673148332
8.71375e-06;0.011049027384206501
8.71400e-06;0.011069942095264526
8.71425e-06;0.011090856806322696
8.71450e-06;0.011111771517380863
8.71475e-06;0.011132686228438889
8.71500e-06;0.011153600939497058
8.71525e-06;0.011174515650555225
8.71550e-06;0.011195430361613253
8.71575e-06;0.011208607659350668
8.71600e-06;0.011192660716037764
8.71625e-06;0.011176713772724967
8.71650e-06;0.011160766829412062
8.71675e-06;0.011144819886099156
8.71700e-06;0.011128872942786359
8.71725e-06;0.011112925999473455
8.71750e-06;0.01109697905616055
8.71775e-06;0.011081032112847645
8.71800e-06;0.011065085169534849
8.71825e-06;0.011044766439808857
8.71850e-06;0.011007991957230817
8.71875e-06;0.010971217474653029
8.71900e-06;0.010934442992074989
8.71925e-06;0.010897668509496949
8.71950e-06;0.010860894026919159
8.71975e-06;0.010824119544341121
8.72000e-06;0.010787345061763081
8.72025e-06;0.010750570579185291
8.72050e-06;0.010713796096607253
8.72075e-06;0.010677657205628143
8.72100e-06;0.01064391073213718
8.72125e-06;0.010610164258645988
8.72150e-06;0.010576417785154796
8.72175e-06;0.010542671311663832
8.72200e-06;0.01050892483817264
8.72225e-06;0.010475178364681448
8.72250e-06;0.010441431891190485
8.72275e-06;0.010407685417699293
8.72300e-06;0.010373938944208102
8.72325e-06;0.010344931521955139
8.72350e-06;0.010333762266661481
8.72375e-06;0.010322593011367821
8.72400e-06;0.010311423756074238
8.72425e-06;0.010300254500780578
8.72450e-06;0.010289085245486919
8.72475e-06;0.010277915990193336
8.72500e-06;0.010266746734899676
8.72525e-06;0.010255577479606016
8.72550e-06;0.010244408224312433
8.72575e-06;0.010233238969018774
8.72600e-06;0.010222069713725114
8.72625e-06;0.010210900458431456
8.72650e-06;0.010199731203137871
8.72675e-06;0.010188561947844213
8.72700e-06;0.010191079905613793
8.72725e-06;0.010199191018718072
8.72750e-06;0.010207302131822407
8.72775e-06;0.010215413244926742
8.72800e-06;0.010223524358031021
8.72825e-06;0.010231635471135356
8.72850e-06;0.01023974658423969
8.72875e-06;0.01024785769734397
8.72900e-06;0.010255968810448305
8.72925e-06;0.01026407992355264
8.72950e-06;0.010272191036656919
8.72975e-06;0.010280302149761254
8.73000e-06;0.010288413262865588
8.73025e-06;0.010296524375969868
8.73050e-06;0.01030506317061678
8.73075e-06;0.010315211792712366
8.73100e-06;0.010325360414807881
8.73125e-06;0.010335509036903466
8.73150e-06;0.010345657658999051
8.73175e-06;0.010355806281094568
8.73200e-06;0.010365954903190153
8.73225e-06;0.010376103525285738
8.73250e-06;0.010386252147381253
8.73275e-06;0.010396400769476838
8.73300e-06;0.010406549391572423
8.73325e-06;0.01041554187720082
8.73350e-06;0.01042018257292444
8.73375e-06;0.01042482326864806
8.73400e-06;0.010429463964371648
8.73425e-06;0.01043410466009527
8.73450e-06;0.01043874535581889
8.73475e-06;0.01044338605154251
8.73500e-06;0.010448026747266099
8.73525e-06;0.01045266744298972
8.73550e-06;0.01045730813871334
8.73575e-06;0.010461948834436928
8.73600e-06;0.010465883364006143
8.73625e-06;0.010467159827828226
8.73650e-06;0.010468436291650302
8.73675e-06;0.010469712755472385
8.73700e-06;0.01047098921929447
8.73725e-06;0.010472265683116544
8.73750e-06;0.010473542146938627
8.73775e-06;0.010474818610760711
8.73800e-06;0.010476095074582786
8.73825e-06;0.010477371538404869
8.73850e-06;0.010478648002226953
8.73875e-06;0.010479924466049027
8.73900e-06;0.010481200929871112
8.73925e-06;0.010482477393693195
8.73950e-06;0.010482469023191804
8.73975e-06;0.010481935616810548
8.74000e-06;0.010481402210429295
8.74025e-06;0.010480868804048044
8.74050e-06;0.010480335397666789
8.74075e-06;0.010479801991285535
8.74100e-06;0.010479268584904285
8.74125e-06;0.010478735178523029
8.74150e-06;0.010478201772141775
8.74175e-06;0.010477668365760525
8.74200e-06;0.01047713495937927
8.74225e-06;0.010476601552998016
8.74250e-06;0.010476068146616765
8.74275e-06;0.01047400001399043
8.74300e-06;0.010466155049327241
8.74325e-06;0.010458310084664054
8.74350e-06;0.010450465120000918
8.74375e-06;0.010442620155337732
8.74400e-06;0.010434775190674544
8.74425e-06;0.010426930226011408
8.74450e-06;0.01041908526134822
8.74475e-06;0.010398243679603052
8.74500e-06;0.01037209114829728
8.74525e-06;0.01034593861699133
8.74550e-06;0.010319786085685382
8.74575e-06;0.01029363355437961
8.74600e-06;0.010267481023073661
8.74625e-06;0.010241328491767713
8.74650e-06;0.01021093109074025
8.74675e-06;0.010164555661393801
8.74700e-06;0.010118180232047354
8.74725e-06;0.01007180480270122
8.74750e-06;0.010025429373354773
8.74775e-06;0.009979053944008325
8.74800e-06;0.009932678514662192
8.74825e-06;0.009886303085315743
8.74850e-06;0.009839927655969295
8.74875e-06;0.009793552226623162
8.74900e-06;0.009747176797276713
8.74925e-06;0.009695812772777061
8.74950e-06;0.009642410204164642
8.74975e-06;0.009589007635551863
