Time(s);Current(A)
1.25000e-06;0.007417472272859157
1.25025e-06;0.007384629496887359
1.25050e-06;0.007354367906626117
1.25075e-06;0.007326797782498433
1.25100e-06;0.0073013925073939796
1.25125e-06;0.007277189549338504
1.25150e-06;0.007253706684166812
1.25175e-06;0.007231030873594577
1.25200e-06;0.007209368296108542
1.25225e-06;0.0071889246645340885
1.25250e-06;0.007169898110903194
1.25275e-06;0.007152371965579428
1.25300e-06;0.007136029922664825
1.25325e-06;0.00712028278074843
1.25350e-06;0.007104842280106674
1.25375e-06;0.007089851369543571
1.25400e-06;0.007075471516160865
1.25425e-06;0.007061451524271509
1.25450e-06;0.007048602532370826
1.25475e-06;0.007036085105630103
1.25500e-06;0.0070246466017686755
1.25525e-06;0.007013310555810748
1.25550e-06;0.007002307910914241
1.25575e-06;0.00699144433948612
1.25600e-06;0.006981033317255129
1.25625e-06;0.0069709219880407
1.25650e-06;0.006961785868804144
1.25675e-06;0.006952649749567595
1.25700e-06;0.006943786185503678
1.25725e-06;0.006935809524067412
1.25750e-06;0.006927832862631152
1.25775e-06;0.006919856201194886
1.25800e-06;0.006912218849466329
1.25825e-06;0.006905685621605402
1.25850e-06;0.006899152393744469
1.25875e-06;0.006892619165883541
1.25900e-06;0.006886417393719014
1.25925e-06;0.006881294188236054
1.25950e-06;0.00687617098275309
1.25975e-06;0.006871216022780492
1.26000e-06;0.0068669166887053885
1.26025e-06;0.0068630920961008065
1.26050e-06;0.006859815589936465
1.26075e-06;0.00685732355055155
1.26100e-06;0.006856395592122972
1.26125e-06;0.006858114158147231
1.26150e-06;0.00686302263773128
1.26175e-06;0.006871447218628441
1.26200e-06;0.006883345795841739
1.26225e-06;0.006896569210668523
1.26250e-06;0.006914103686442096
1.26275e-06;0.00693306392524269
1.26300e-06;0.006956663639283447
1.26325e-06;0.006982406868993701
1.26350e-06;0.007015125162362517
1.26375e-06;0.007047843455731361
1.26400e-06;0.007082774883601539
1.26425e-06;0.007124907916877143
1.26450e-06;0.007167040950152783
1.26475e-06;0.007211097732732897
1.26500e-06;0.007261414452692119
1.26525e-06;0.007311731172651299
1.26550e-06;0.007363573942513508
1.26575e-06;0.007420382524089307
1.26600e-06;0.00747808410948652
1.26625e-06;0.007538691555844179
1.26650e-06;0.00759990510200069
1.26675e-06;0.0076630909149061205
1.26700e-06;0.007726744191996402
1.26725e-06;0.007791918611429281
1.26750e-06;0.007857331333058751
1.26775e-06;0.007923519497114099
1.26800e-06;0.007989597759743079
1.26825e-06;0.008055318399865969
1.26850e-06;0.008120589910952391
1.26875e-06;0.008184399942813511
1.26900e-06;0.00824751433367366
1.26925e-06;0.008308365088053939
1.26950e-06;0.008368217315729145
1.26975e-06;0.00842482030784655
1.27000e-06;0.00848004701447154
1.27025e-06;0.008530795247223624
1.27050e-06;0.008579381027108203
1.27075e-06;0.008620930121129524
1.27100e-06;0.008662479215150844
1.27125e-06;0.008701434022512562
1.27150e-06;0.008731946944024689
1.27175e-06;0.008762459865536842
1.27200e-06;0.008790225908169764
1.27225e-06;0.00880905352533819
1.27250e-06;0.008827881142506632
1.27275e-06;0.008843895472895415
1.27300e-06;0.008850755284539179
1.27325e-06;0.00885761509618294
1.27350e-06;0.008862352919992949
1.27375e-06;0.008860185732361818
1.27400e-06;0.008856397827081612
1.27425e-06;0.008847336058430594
1.27450e-06;0.008837093177836212
1.27475e-06;0.008822261039114586
1.27500e-06;0.00880432156252454
1.27525e-06;0.008783550423076995
1.27550e-06;0.008760192576253281
1.27575e-06;0.008734428921088905
1.27600e-06;0.008706428082583826
1.27625e-06;0.008676356055083517
1.27650e-06;0.008644380858891678
1.27675e-06;0.00861068792431324
1.27700e-06;0.008575524034186302
1.27725e-06;0.008539193897834701
1.27750e-06;0.00850198272948001
1.27775e-06;0.008464136839665
1.27800e-06;0.008425892071928258
1.27825e-06;0.008387484982203703
1.27850e-06;0.008349153002133831
1.27875e-06;0.008311144075393012
1.27900e-06;0.00827374333941562
1.27925e-06;0.008237274293290252
1.27950e-06;0.008202048005814488
1.27975e-06;0.008168349353996985
1.28000e-06;0.008136457460069038
1.28025e-06;0.008106653145593844
1.28050e-06;0.008079216683052415
1.28075e-06;0.008054437324467445
1.28100e-06;0.008032617482192219
1.28125e-06;0.008014007053448674
1.28150e-06;0.00799913423342705
1.28175e-06;0.007988147886675599
1.28200e-06;0.00797961472803945
1.28225e-06;0.007979064316397852
1.28250e-06;0.007978513904756254
1.28275e-06;0.007977963493114656
1.28300e-06;0.007980732728493686
1.28325e-06;0.007994304193881637
1.28350e-06;0.008007875659269578
1.28375e-06;0.008021447124657518
1.28400e-06;0.008037706084936985
1.28425e-06;0.008062710233420261
1.28450e-06;0.008087714381903558
1.28475e-06;0.008114745503840106
1.28500e-06;0.008148372457600889
1.28525e-06;0.0081819994113617
1.28550e-06;0.008217308163444929
1.28575e-06;0.008258089537223942
1.28600e-06;0.00829887091100292
1.28625e-06;0.008340724225056106
1.28650e-06;0.008386065664601261
1.28675e-06;0.008432033892560527
1.28700e-06;0.008480041708636846
1.28725e-06;0.008528459137400099
1.28750e-06;0.008578209458013525
1.28775e-06;0.008628117515634373
1.28800e-06;0.008678538854162768
1.28825e-06;0.008728861456549128
1.28850e-06;0.00877886276859637
1.28875e-06;0.00882851062276919
1.28900e-06;0.008877008314519716
1.28925e-06;0.008924885676206881
1.28950e-06;0.008970744465442273
1.28975e-06;0.009015693831320217
1.29000e-06;0.009057683906580653
1.29025e-06;0.009098471743428144
1.29050e-06;0.009135347460770075
1.29075e-06;0.009170643399838719
1.29100e-06;0.009200798693482193
1.29125e-06;0.009229014073700057
1.29150e-06;0.009250916918009864
1.29175e-06;0.009270066722204812
1.29200e-06;0.009280258052092748
1.29225e-06;0.009290449381980684
1.29250e-06;0.009300640711868629
1.29275e-06;0.00929953965777883
1.29300e-06;0.009294368688752396
1.29325e-06;0.009289197719725967
1.29350e-06;0.009281151971454757
1.29375e-06;0.009263751606131913
1.29400e-06;0.00924489570369019
1.29425e-06;0.00922038810583968
1.29450e-06;0.009192026930899273
1.29475e-06;0.009159970844448282
1.29500e-06;0.009124329530681112
1.29525e-06;0.009085209413739314
1.29550e-06;0.009042810870116465
1.29575e-06;0.008997414443305901
1.29600e-06;0.008949313499918544
1.29625e-06;0.008898801406565482
1.29650e-06;0.008846170654149103
1.29675e-06;0.008791703440467157
1.29700e-06;0.008735652049767156
1.29725e-06;0.008678265131061043
1.29750e-06;0.008619853130806023
1.29775e-06;0.00856077301656042
1.29800e-06;0.00850139194834573
1.29825e-06;0.008442077360724736
1.29850e-06;0.008383195044542019
1.29875e-06;0.008325104823995462
1.29900e-06;0.008268146798666698
1.29925e-06;0.008212660838623867
1.29950e-06;0.008159022860974236
1.29975e-06;0.008107639961382022
1.30000e-06;0.008058925209216151
1.30025e-06;0.00801329068690881
1.30050e-06;0.007971146398848895
1.30075e-06;0.007932844100689422
1.30100e-06;0.007898517417318038
1.30125e-06;0.007868547972340734
1.30150e-06;0.00784301390131248
1.30175e-06;0.007819868763282986
1.30200e-06;0.0078044972841889585
1.30225e-06;0.007789125805094917
1.30250e-06;0.007777486279729045
1.30275e-06;0.007777990642643343
1.30300e-06;0.00777849500555764
1.30325e-06;0.007778999368471938
1.30350e-06;0.0077795037313862355
1.30375e-06;0.007792741286997958
1.30400e-06;0.007810568042839545
1.30425e-06;0.007828394798681117
1.30450e-06;0.007846221554522703
1.30475e-06;0.007867041263354226
1.30500e-06;0.007897600130113367
1.30525e-06;0.007928158996872534
1.30550e-06;0.007960321213060942
1.30575e-06;0.00799770077591574
1.30600e-06;0.008036144872009753
1.30625e-06;0.008078052990883587
1.30650e-06;0.008120837584579738
1.30675e-06;0.008166474253381045
1.30700e-06;0.008212731361709394
1.30725e-06;0.008261007398687162
1.30750e-06;0.008309628793235137
1.30775e-06;0.00835937399157436
1.30800e-06;0.008409213985367075
1.30825e-06;0.00845936244638115
1.30850e-06;0.0085093512000434
1.30875e-06;0.008558820261239292
1.30900e-06;0.008607832859339231
1.30925e-06;0.008655360112967008
1.30950e-06;0.008701869647276584
1.30975e-06;0.00874506749269583
1.31000e-06;0.008788265338115116
1.31025e-06;0.008830024978147588
1.31050e-06;0.008867104655133328
1.31075e-06;0.008903182302579526
1.31100e-06;0.008935999316141252
1.31125e-06;0.00896854420326261
1.31150e-06;0.009000203582864089
1.31175e-06;0.009031862962465567
1.31200e-06;0.009062862933508362
1.31225e-06;0.009091717169515099
1.31250e-06;0.00912057140552186
1.31275e-06;0.009149425641528597
1.31300e-06;0.00917792280736296
1.31325e-06;0.009205258056250498
1.31350e-06;0.009232593305138037
1.31375e-06;0.0092599285540256
1.31400e-06;0.009287126043007571
1.31425e-06;0.009313875257165056
1.31450e-06;0.009340624471322518
1.31475e-06;0.00936737368547998
1.31500e-06;0.009394036532879025
1.31525e-06;0.009420418340280802
1.31550e-06;0.0094468001476826
1.31575e-06;0.009473181955084377
1.31600e-06;0.009499413122366926
1.31625e-06;0.009525154102227174
1.31650e-06;0.0095508950820874
1.31675e-06;0.009576636061947648
1.31700e-06;0.009602377041807874
1.31725e-06;0.009628118021668122
1.31750e-06;0.00965340093296669
1.31775e-06;0.00967719327555996
1.31800e-06;0.009700985618153255
1.31825e-06;0.009724777960746526
1.31850e-06;0.00974857030333982
1.31875e-06;0.009772362645933091
1.31900e-06;0.009795526558158551
1.31925e-06;0.009816645539301408
1.31950e-06;0.009837764520444247
1.31975e-06;0.009858314218036115
1.32000e-06;0.009877011450044096
1.32025e-06;0.009895708682052076
1.32050e-06;0.009913878518569364
1.32075e-06;0.00992955960060273
1.32100e-06;0.009942726639162656
1.32125e-06;0.009954313680521883
1.32150e-06;0.009960759364060802
1.32175e-06;0.009965203396719028
1.32200e-06;0.009963133997958232
1.32225e-06;0.009961064599197435
1.32250e-06;0.009956645820275018
1.32275e-06;0.009944582088525155
1.32300e-06;0.009932518356775303
1.32325e-06;0.009917725625195535
1.32350e-06;0.009894052647112222
1.32375e-06;0.00987037966902893
1.32400e-06;0.009844639288945883
1.32425e-06;0.009812171521349639
1.32450e-06;0.009778626632203231
1.32475e-06;0.009740887137035168
1.32500e-06;0.009700184420592612
1.32525e-06;0.009656433036922476
1.32550e-06;0.009609732914762793
1.32575e-06;0.009560372041129646
1.32600e-06;0.009508675447601662
1.32625e-06;0.009454967946830197
1.32650e-06;0.009399571887654013
1.32675e-06;0.009342777648491256
1.32700e-06;0.009284765162613786
1.32725e-06;0.009225657670054779
1.32750e-06;0.009165693227478547
1.32775e-06;0.009105230223705432
1.32800e-06;0.009044647925950545
1.32825e-06;0.008984326313824231
1.32850e-06;0.008924644053374169
1.32875e-06;0.008865958897812332
1.32900e-06;0.008808559133397892
1.32925e-06;0.00875269894146444
1.32950e-06;0.008698704812822217
1.32975e-06;0.008646976006785836
1.33000e-06;0.008597926468432628
1.33025e-06;0.00855197134870381
1.33050e-06;0.008509521583310736
1.33075e-06;0.008470934675626169
1.33100e-06;0.008436829358648786
1.33125e-06;0.008407271974098188
1.33150e-06;0.008380092211310987
1.33175e-06;0.008360649300361598
1.33200e-06;0.008341206389412192
1.33225e-06;0.008325561669815403
1.33250e-06;0.008322276377693302
1.33275e-06;0.008318991085571204
1.33300e-06;0.008315705793449105
1.33325e-06;0.008312420501327003
1.33350e-06;0.008322529257935732
1.33375e-06;0.008337465395466285
1.33400e-06;0.008352401532996826
1.33425e-06;0.00836733767052738
1.33450e-06;0.00838546754156501
1.33475e-06;0.008413989916294325
1.33500e-06;0.008442512291023664
1.33525e-06;0.008473119800851543
1.33550e-06;0.008510512402222385
1.33575e-06;0.008547905003593197
1.33600e-06;0.008586930728485194
1.33625e-06;0.008631270685821816
1.33650e-06;0.008675610643158402
1.33675e-06;0.008721098289561465
1.33700e-06;0.008770320550275042
1.33725e-06;0.00881954281098862
1.33750e-06;0.008869263130955655
1.33775e-06;0.008920604150526482
1.33800e-06;0.008972036900570841
1.33825e-06;0.009023768144300432
1.33850e-06;0.009075327530221744
1.33875e-06;0.009126327685730263
1.33900e-06;0.009176852331481229
1.33925e-06;0.009225829654357724
1.33950e-06;0.009274014679898733
1.33975e-06;0.009319621546377692
1.34000e-06;0.009364132354108361
1.34025e-06;0.009405076554117469
1.34050e-06;0.009444217852604924
1.34075e-06;0.009477492455991644
1.34100e-06;0.009510767059378393
1.34125e-06;0.009540834453075896
1.34150e-06;0.009560465491185357
1.34175e-06;0.009580096529294832
1.34200e-06;0.009599727567404293
1.34225e-06;0.009619358605513769
1.34250e-06;0.009626213397919064
1.34275e-06;0.009628463473259338
1.34300e-06;0.00963071354859961
1.34325e-06;0.00963296362393988
1.34350e-06;0.009631869806077092
1.34375e-06;0.009619894860412686
1.34400e-06;0.00960791991474827
1.34425e-06;0.009593918360508451
1.34450e-06;0.00957332216177083
1.34475e-06;0.009551239338259356
1.34500e-06;0.009524318993578808
1.34525e-06;0.009496380966067636
1.34550e-06;0.00946452012381191
1.34575e-06;0.00943011179036965
1.34600e-06;0.009393379976627016
1.34625e-06;0.009354547706533696
1.34650e-06;0.009313838990975817
1.34675e-06;0.009271477510684502
1.34700e-06;0.009227694667983668
1.34725e-06;0.009182741749597585
1.34750e-06;0.00913689464240672
1.34775e-06;0.009090442713190554
1.34800e-06;0.009043676590206447
1.34825e-06;0.008996884927838452
1.34850e-06;0.008950358573271072
1.34875e-06;0.008904386893283829
1.34900e-06;0.008859264237895419
1.34925e-06;0.00881529815895384
1.34950e-06;0.008772811658550421
1.34975e-06;0.008732135849667507
1.35000e-06;0.008693601077277907
1.35025e-06;0.008657539385686442
1.35050e-06;0.008624280299771438
1.35075e-06;0.008594534327963057
1.35100e-06;0.008568623536953392
1.35125e-06;0.008544762305381523
1.35150e-06;0.008527570401094964
1.35175e-06;0.008510378496808422
1.35200e-06;0.008496440360717323
1.35225e-06;0.008493090082975574
1.35250e-06;0.00848973980523382
1.35275e-06;0.00848638952749207
1.35300e-06;0.008483039249750319
1.35325e-06;0.00849177347913548
1.35350e-06;0.008504863114441414
1.35375e-06;0.008517952749747358
1.35400e-06;0.008531042385053292
1.35425e-06;0.008547041951311854
1.35450e-06;0.008572510519319025
1.35475e-06;0.008597979087326178
1.35500e-06;0.008625444854695833
1.35525e-06;0.008659409568110343
1.35550e-06;0.008693374281524852
1.35575e-06;0.00872892110843613
1.35600e-06;0.008769616179656528
1.35625e-06;0.008810311250876961
1.35650e-06;0.008852160068148261
1.35675e-06;0.00889776320933692
1.35700e-06;0.008943366350525542
1.35725e-06;0.008989612334785792
1.35750e-06;0.009037950149494383
1.35775e-06;0.009086287964202935
1.35800e-06;0.009134712182157844
1.35825e-06;0.00918341755884251
1.35850e-06;0.009232122935527175
1.35875e-06;0.009280481093760885
1.35900e-06;0.00932770939284221
1.35925e-06;0.009374337065302949
1.35950e-06;0.009419010280900817
1.35975e-06;0.009462517089161245
1.36000e-06;0.009502228373302024
1.36025e-06;0.00954193965744277
1.36050e-06;0.009578830491955351
1.36075e-06;0.009606543499607196
1.36100e-06;0.009634256507259064
1.36125e-06;0.009661969514910908
1.36150e-06;0.009689682522562753
1.36175e-06;0.00971739553021462
1.36200e-06;0.009745108537866465
1.36225e-06;0.009761052943770929
1.36250e-06;0.00977275579996315
1.36275e-06;0.00978445865615537
1.36300e-06;0.009796161512347603
1.36325e-06;0.009807864368539823
1.36350e-06;0.009819567224732055
1.36375e-06;0.009827722181303341
1.36400e-06;0.00982433216713174
1.36425e-06;0.009820942152960139
1.36450e-06;0.009817552138788536
1.36475e-06;0.009814162124616934
1.36500e-06;0.009810772110445334
1.36525e-06;0.00980738209627373
1.36550e-06;0.00980399208210213
1.36575e-06;0.009792471895715619
1.36600e-06;0.009778021494647873
1.36625e-06;0.00976357109358014
1.36650e-06;0.009749120692512395
1.36675e-06;0.009734670291444663
1.36700e-06;0.009720219890376929
1.36725e-06;0.009705769489309185
1.36750e-06;0.009690485632602728
1.36775e-06;0.009672489686493419
1.36800e-06;0.009654395442096288
1.36825e-06;0.00963598133215099
1.36850e-06;0.009617586378330814
1.36875e-06;0.009599253759110795
1.36900e-06;0.009581111825433534
1.36925e-06;0.009563590388176006
1.36950e-06;0.009546427334653846
1.36975e-06;0.009530430472450963
1.37000e-06;0.009514930793793015
1.37025e-06;0.009501048965157072
1.37050e-06;0.009488030402739375
1.37075e-06;0.009477820934235574
1.37100e-06;0.00946761146573178
1.37125e-06;0.009459445337144878
1.37150e-06;0.009457928297336517
1.37175e-06;0.009456411257528156
1.37200e-06;0.009454894217719795
1.37225e-06;0.009453377177911435
1.37250e-06;0.009451860138103075
1.37275e-06;0.009459170057062597
1.37300e-06;0.009469661321199951
1.37325e-06;0.009480152585337314
1.37350e-06;0.009490643849474668
1.37375e-06;0.00950113511361203
1.37400e-06;0.009514765292950672
1.37425e-06;0.009538609595582587
1.37450e-06;0.009562453898214522
1.37475e-06;0.009586298200846437
1.37500e-06;0.009610142503478372
1.37525e-06;0.009633986806110287
1.37550e-06;0.009657831108742201
1.37575e-06;0.009681675411374135
1.37600e-06;0.009707814809358567
1.37625e-06;0.00974142251578617
1.37650e-06;0.009775030222213744
1.37675e-06;0.009808637928641319
1.37700e-06;0.00984224563506892
1.37725e-06;0.009875853341496495
1.37750e-06;0.009909461047924097
1.37775e-06;0.00994306875435167
1.37800e-06;0.009977046301701901
1.37825e-06;0.010012227322398858
1.37850e-06;0.010047408343095816
1.37875e-06;0.010082200987038615
1.37900e-06;0.010115729841488206
1.37925e-06;0.010149258695937824
1.37950e-06;0.010182002185744688
1.37975e-06;0.010212190075678274
1.38000e-06;0.010242377965611886
1.38025e-06;0.010271334390358142
1.38050e-06;0.010296283590809537
1.38075e-06;0.01032123279126091
1.38100e-06;0.010343800283308193
1.38125e-06;0.010358617625470336
1.38150e-06;0.010373434967632468
1.38175e-06;0.01038825230979461
1.38200e-06;0.010403069651956741
1.38225e-06;0.010417886994118886
1.38250e-06;0.01042219553044217
1.38275e-06;0.010422716563089823
1.38300e-06;0.010423237595737477
1.38325e-06;0.010423758628385129
1.38350e-06;0.010424279661032782
1.38375e-06;0.010421484139833008
1.38400e-06;0.010407896453910225
1.38425e-06;0.010394308767987434
1.38450e-06;0.010380721082064651
1.38475e-06;0.010367133396141858
1.38500e-06;0.010353545710219077
1.38525e-06;0.01033732046303603
1.38550e-06;0.010312512513175118
1.38575e-06;0.010287704563314227
1.38600e-06;0.010262896613453315
1.38625e-06;0.010238088663592425
1.38650e-06;0.010213280713731534
1.38675e-06;0.010187338356383937
1.38700e-06;0.010157704603382247
1.38725e-06;0.010127765994331923
1.38750e-06;0.01009683537464508
1.38775e-06;0.010065785330200928
1.38800e-06;0.010034346674049633
1.38825e-06;0.010003271811500044
1.38850e-06;0.009973380744135207
1.38875e-06;0.009943489676770395
1.38900e-06;0.00991844360150714
1.38925e-06;0.008056855148056298
1.38950e-06;-0.01634401381769635
1.38975e-06;-0.010936791910167274
1.39000e-06;-0.006239949425707783
1.39025e-06;-0.0009526981051997964
1.39050e-06;0.017189487803523373
1.39075e-06;0.01559689338632609
1.39100e-06;0.014367579419527059
1.39125e-06;0.009834478756961916
1.39150e-06;0.004224667508123
1.39175e-06;0.0015517517301319567
1.39200e-06;0.0029547407537322615
1.39225e-06;0.006851581102081533
1.39250e-06;0.011262397948732268
1.39275e-06;0.013734955540313119
1.39300e-06;0.01326669027105564
1.39325e-06;0.01056127836745945
1.39350e-06;0.0071083235616180756
1.39375e-06;0.005353497866223538
1.39400e-06;0.006172361421290267
1.39425e-06;0.008569179007730476
1.39450e-06;0.011300136127745969
1.39475e-06;0.012826441729157966
1.39500e-06;0.012518080429491719
1.39525e-06;0.010814302586184946
1.39550e-06;0.008646961629297139
1.39575e-06;0.007546958326440359
1.39600e-06;0.008061799405937008
1.39625e-06;0.009566986656954247
1.39650e-06;0.011282818069452433
1.39675e-06;0.012244999118372969
1.39700e-06;0.012058632343169477
1.39725e-06;0.010998670408862899
1.39750e-06;0.009648639420944054
1.39775e-06;0.00896727449840282
1.39800e-06;0.00929728205229945
1.39825e-06;0.01024724925955555
1.39850e-06;0.01132860103496616
1.39875e-06;0.011937197528775739
1.39900e-06;0.011825615427255628
1.39925e-06;0.011166037813001066
1.39950e-06;0.010323918452425092
1.39975e-06;0.009899701246318844
1.40000e-06;0.010107916838317051
1.40025e-06;0.010703249969824625
1.40050e-06;0.011379549037650217
1.40075e-06;0.011758266655505667
1.40100e-06;0.011684237945293968
1.40125e-06;0.011265140257718185
1.40150e-06;0.010729854106244706
1.40175e-06;0.010454562744555945
1.40200e-06;0.010573724259455753
1.40225e-06;0.010933751020475937
1.40250e-06;0.011342962919998128
1.40275e-06;0.011564352637780263
1.40300e-06;0.011500853164989843
1.40325e-06;0.011220043429259249
1.40350e-06;0.01086541457506232
1.40375e-06;0.010672711248896358
1.40400e-06;0.01072624632427481
1.40425e-06;0.010929902177342658
1.40450e-06;0.01116371048012475
1.40475e-06;0.011279321038749094
1.40500e-06;0.011216053407466748
1.40525e-06;0.011016361150988321
1.40550e-06;0.010770242594427788
1.40575e-06;0.010625472718157449
1.40600e-06;0.010634961810827029
1.40625e-06;0.010738598919235736
1.40650e-06;0.010861338320172697
1.40675e-06;0.010910363651473439
1.40700e-06;0.010847781218109977
1.40725e-06;0.010700301144230347
1.40750e-06;0.010524411719727289
1.40775e-06;0.010412785348893018
1.40800e-06;0.010398665483749051
1.40825e-06;0.010444499027938467
1.40850e-06;0.010503382047659597
1.40875e-06;0.01051728522499641
1.40900e-06;0.010462584754430727
1.40925e-06;0.010356125234732541
1.40950e-06;0.010233401619157034
1.40975e-06;0.010152571113332221
1.41000e-06;0.01013456117501743
1.41025e-06;0.010155951958928103
1.41050e-06;0.010187469118218807
1.41075e-06;0.010192877432685897
1.41100e-06;0.010157495170008662
1.41125e-06;0.010091930005084456
1.41150e-06;0.010018370652165692
1.41175e-06;0.009973139958023063
1.41200e-06;0.009969225862787368
1.41225e-06;0.009991837123314602
1.41250e-06;0.01002251692651298
1.41275e-06;0.010038449779677047
1.41300e-06;0.010030323117414848
1.41325e-06;0.010006816351722816
1.41350e-06;0.009978290872584918
1.41375e-06;0.009964738824828748
1.41400e-06;0.00998111882766268
1.41425e-06;0.010014356274881328
1.41450e-06;0.01005381780935168
1.41475e-06;0.010085902786574634
1.41500e-06;0.010102535962155641
1.41525e-06;0.01011001533789601
1.41550e-06;0.010114634232204815
1.41575e-06;0.01012873467633454
1.41600e-06;0.01016173087900847
1.41625e-06;0.010205194791464112
1.41650e-06;0.010252423556206765
1.41675e-06;0.010294838783488053
1.41700e-06;0.010327110069801389
1.41725e-06;0.010352987536857594
1.41750e-06;0.010376526714931021
1.41775e-06;0.010405519702261227
1.41800e-06;0.010445275774822458
1.41825e-06;0.010490358225682995
1.41850e-06;0.010536837275753042
1.41875e-06;0.010578176758021004
1.41900e-06;0.010612272011816389
1.41925e-06;0.010643009365688412
1.41950e-06;0.010669013754616848
1.41975e-06;0.010697935216434086
1.42000e-06;0.01073096829683315
1.42025e-06;0.010763926198925989
1.42050e-06;0.010796778137084262
1.42075e-06;0.010824430596707962
1.42100e-06;0.010844754383592508
1.42125e-06;0.0108606351132547
1.42150e-06;0.01087025334714404
1.42175e-06;0.010879506318825895
1.42200e-06;0.010888244452882225
1.42225e-06;0.010895004952986547
1.42250e-06;0.01089897797508986
1.42275e-06;0.01089802633498608
1.42300e-06;0.010890133376166209
1.42325e-06;0.010878052463887906
1.42350e-06;0.010860068624972082
1.42375e-06;0.010840713410064496
1.42400e-06;0.010819425238653936
1.42425e-06;0.010796018159919017
1.42450e-06;0.010769624478154414
1.42475e-06;0.010739528313124604
1.42500e-06;0.01070421349241773
1.42525e-06;0.010665920528526997
1.42550e-06;0.010623429867382704
1.42575e-06;0.010579987978415532
1.42600e-06;0.010535205332415146
1.42625e-06;0.010489265829497213
1.42650e-06;0.010441695735031004
1.42675e-06;0.010392238839013522
1.42700e-06;0.010340122493399327
1.42725e-06;0.010286914033110701
1.42750e-06;0.010232010081136713
1.42775e-06;0.01017718519640918
1.42800e-06;0.010123063375395046
1.42825e-06;0.010069610667235626
1.42850e-06;0.010016705542610294
1.42875e-06;0.009964116290221463
1.42900e-06;0.00991191413840238
1.42925e-06;0.009860546313503573
1.42950e-06;0.009810664146740842
1.42975e-06;0.009763156160066878
1.43000e-06;0.009718571691164976
1.43025e-06;0.009677698790429476
1.43050e-06;0.009639583948402017
1.43075e-06;0.009604233696786422
1.43100e-06;0.009572780139473908
1.43125e-06;0.009545692335213038
1.43150e-06;0.009524758066380812
1.43175e-06;0.009503823797548605
1.43200e-06;0.009491045821511631
1.43225e-06;0.009489764152317582
1.43250e-06;0.009488482483123534
1.43275e-06;0.009487200813929484
1.43300e-06;0.009485919144735436
1.43325e-06;0.009484637475541388
1.43350e-06;0.009505733644564772
1.43375e-06;0.009528907998185994
1.43400e-06;0.009552082351807234
1.43425e-06;0.009575256705428454
1.43450e-06;0.009598431059049676
1.43475e-06;0.009628429332942482
1.43500e-06;0.009668045932621475
1.43525e-06;0.009707662532300503
1.43550e-06;0.009751238007411662
1.43575e-06;0.009800393523340768
1.43600e-06;0.00984954903926983
1.43625e-06;0.009901666077986149
1.43650e-06;0.009957957387481963
1.43675e-06;0.01001424869697773
1.43700e-06;0.010072328696147938
1.43725e-06;0.010132929856078167
1.43750e-06;0.010193531016008396
1.43775e-06;0.010254842987790126
1.43800e-06;0.010317156849935073
1.43825e-06;0.010379470712080072
1.43850e-06;0.010441097597826266
1.43875e-06;0.010501756189315262
1.43900e-06;0.010562414780804311
1.43925e-06;0.010621025713646379
1.43950e-06;0.010676750468575968
1.43975e-06;0.010732475223505511
1.44000e-06;0.010784744095474879
1.44025e-06;0.010832141895264784
1.44050e-06;0.01087953969505469
1.44075e-06;0.010921971088384956
1.44100e-06;0.010957402324413628
1.44125e-06;0.010992833560442328
1.44150e-06;0.01102057782432471
1.44175e-06;0.011037487289518456
1.44200e-06;0.011054396754712219
1.44225e-06;0.011071306219905968
1.44250e-06;0.01108821568509973
1.44275e-06;0.01109511263677386
1.44300e-06;0.011087896935730254
1.44325e-06;0.011080681234686642
1.44350e-06;0.011073465533643037
1.44375e-06;0.011066249832599425
1.44400e-06;0.01105152975186114
1.44425e-06;0.011026232236766837
1.44450e-06;0.011000934721672557
1.44475e-06;0.010971451765505097
1.44500e-06;0.010936069423911563
1.44525e-06;0.010897728265176695
1.44550e-06;0.010855216649274475
1.44575e-06;0.010810214099725319
1.44600e-06;0.010761700575491024
1.44625e-06;0.010711156850468305
1.44650e-06;0.010657751554410842
1.44675e-06;0.010603108038795866
1.44700e-06;0.010546056367605115
1.44725e-06;0.01048754778526909
1.44750e-06;0.010427933503591377
1.44775e-06;0.010367583257634207
1.44800e-06;0.01030686291725105
1.44825e-06;0.010246133677320093
1.44850e-06;0.010185755889718493
1.44875e-06;0.010126087955356708
1.44900e-06;0.01006749709516558
1.44925e-06;0.010010369929569158
1.44950e-06;0.00995511279504656
1.44975e-06;0.009902145243236253
1.45000e-06;0.009851885456336945
1.45025e-06;0.00980474662500999
1.45050e-06;0.009762016883213155
1.45075e-06;0.009722728109080427
1.45100e-06;0.009687228398884619
1.45125e-06;0.009657069379950846
1.45150e-06;0.009634158863906237
1.45175e-06;0.009621465123478732
1.45200e-06;0.009608771383051239
1.45225e-06;0.009596077642623733
1.45250e-06;0.009583383902196239
1.45275e-06;0.009581373134362973
1.45300e-06;0.009594420032310761
1.45325e-06;0.00960746693025855
1.45350e-06;0.009620513828206348
1.45375e-06;0.009633560726154136
1.45400e-06;0.009658126497739684
1.45425e-06;0.009698928138871835
1.45450e-06;0.009739729780003986
1.45475e-06;0.00978053142113617
1.45500e-06;0.00982133306226832
1.45525e-06;0.009862134703400506
1.45550e-06;0.009902936344532655
1.45575e-06;0.00995298505537144
1.45600e-06;0.010016067524732662
1.45625e-06;0.01007914999409383
1.45650e-06;0.010142232463455053
1.45675e-06;0.010205314932816222
1.45700e-06;0.010268397402177444
1.45725e-06;0.010331479871538613
1.45750e-06;0.010397525428176423
1.45775e-06;0.010467747460743347
1.45800e-06;0.010537969493310212
1.45825e-06;0.01060792843401548
1.45850e-06;0.01067751654634989
1.45875e-06;0.010747104658684302
1.45900e-06;0.010814940285464286
1.45925e-06;0.010880305781245391
1.45950e-06;0.01094567127702655
1.45975e-06;0.01100766553791435
1.46000e-06;0.011064908038199657
1.46025e-06;0.011122150538485014
1.46050e-06;0.011171954365638342
1.46075e-06;0.011211273371934677
1.46100e-06;0.011250592378230978
1.46125e-06;0.011289911384527281
1.46150e-06;0.011329230390823616
1.46175e-06;0.011368549397119917
1.46200e-06;0.011407868403416253
1.46225e-06;0.011424817628488966
1.46250e-06;0.011439689417201629
1.46275e-06;0.011454561205914277
1.46300e-06;0.011469432994626926
1.46325e-06;0.011484304783339588
1.46350e-06;0.011499176572052237
1.46375e-06;0.011504089472553276
1.46400e-06;0.011494965305289769
1.46425e-06;0.01148584113802626
1.46450e-06;0.011476716970762744
1.46475e-06;0.011467592803499236
1.46500e-06;0.011458468636235722
1.46525e-06;0.011449344468972214
1.46550e-06;0.011440220301708706
1.46575e-06;0.011423794465612128
1.46600e-06;0.011397076916422203
1.46625e-06;0.011370359367232255
1.46650e-06;0.01134364181804233
1.46675e-06;0.011316924268852382
1.46700e-06;0.011290206719662457
1.46725e-06;0.011263489170472532
1.46750e-06;0.011236771621282584
1.46775e-06;0.011207955424902803
1.46800e-06;0.011176181182183761
1.46825e-06;0.011144406939464746
1.46850e-06;0.011112632439065163
1.46875e-06;0.011080857575464405
1.46900e-06;0.011049590020485275
1.46925e-06;0.0110190375177637
1.46950e-06;0.010989787010540715
1.46975e-06;0.01096237166791176
1.47000e-06;0.01093495632528278
1.47025e-06;0.010911390819562302
1.47050e-06;0.010893251664697094
1.47075e-06;0.010875112509831902
1.47100e-06;0.010856973354966694
1.47125e-06;0.0108388342001015
1.47150e-06;0.010820695045236308
1.47175e-06;0.0108025558903711
1.47200e-06;0.010797284685848063
1.47225e-06;0.010793208501859563
1.47250e-06;0.010789132317871064
1.47275e-06;0.010785056133882568
1.47300e-06;0.010780979949894066
1.47325e-06;0.010776903765905569
1.47350e-06;0.010779390921978398
1.47375e-06;0.010791129115640943
1.47400e-06;0.010802867309303486
1.47425e-06;0.01081460550296604
1.47450e-06;0.010826343696628583
1.47475e-06;0.010838081890291137
1.47500e-06;0.01084982008395368
1.47525e-06;0.010861558277616234
1.47550e-06;0.010873296471278777
1.47575e-06;0.01088503466494132
1.47600e-06;0.010907450969951655
1.47625e-06;0.010930858929575994
1.47650e-06;0.010954266889200353
1.47675e-06;0.010977674848824693
1.47700e-06;0.011001082808449032
1.47725e-06;0.011024490768073393
1.47750e-06;0.011047898727697732
1.47775e-06;0.011071306687322091
1.47800e-06;0.01109471464694643
1.47825e-06;0.011118543487094986
1.47850e-06;0.011142965558969148
1.47875e-06;0.01116738763084329
1.47900e-06;0.011191809702717452
1.47925e-06;0.011216231774591594
1.47950e-06;0.011240653846465757
1.47975e-06;0.011265075918339898
1.48000e-06;0.011286601182060858
1.48025e-06;0.011304043390376517
1.48050e-06;0.011321485598692163
1.48075e-06;0.011338927807007822
1.48100e-06;0.011356370015323468
1.48125e-06;0.011373812223639111
1.48150e-06;0.011391254431954772
1.48175e-06;0.011403696131627233
1.48200e-06;0.01140908960692135
1.48225e-06;0.011414483082215463
1.48250e-06;0.011419876557509577
1.48275e-06;0.011425270032803695
1.48300e-06;0.011430663508097808
1.48325e-06;0.011436056983391925
1.48350e-06;0.01144145045868604
1.48375e-06;0.011446843933980157
1.48400e-06;0.01145223740927427
1.48425e-06;0.01145265106583433
1.48450e-06;0.011446045660473865
1.48475e-06;0.011439440255113405
1.48500e-06;0.01143283484975294
1.48525e-06;0.011426229444392479
1.48550e-06;0.011419624039032019
1.48575e-06;0.011413018633671553
1.48600e-06;0.011406413228311093
1.48625e-06;0.011399807822950626
1.48650e-06;0.011393202417590165
1.48675e-06;0.011384365949436955
1.48700e-06;0.011372384794955375
1.48725e-06;0.011360403640473806
1.48750e-06;0.011348422485992226
1.48775e-06;0.011336441331510657
1.48800e-06;0.011324460177029079
1.48825e-06;0.01131247902254751
1.48850e-06;0.01130049786806594
1.48875e-06;0.011289549331091754
1.48900e-06;0.01127869669121793
1.48925e-06;0.011267844051344098
1.48950e-06;0.011256991411470275
1.48975e-06;0.011246138771596451
1.49000e-06;0.01123528613172262
1.49025e-06;0.011224433491848797
1.49050e-06;0.011214995750215243
1.49075e-06;0.011207552309758057
1.49100e-06;0.011200108869300873
1.49125e-06;0.011191939333313314
1.49150e-06;0.011182746364594607
1.49175e-06;0.01117355339587589
1.49200e-06;0.011164360427157183
1.49225e-06;0.011155167458438468
1.49250e-06;0.01114597448971976
1.49275e-06;0.011136781521001053
1.49300e-06;0.011127588552282337
1.49325e-06;0.011116682523136114
1.49350e-06;0.0111033619327667
1.49375e-06;0.011090041342397296
1.49400e-06;0.011076720752027893
1.49425e-06;0.011063400161658478
1.49450e-06;0.011050079571289074
1.49475e-06;0.01103675898091966
1.49500e-06;0.011023438390550257
1.49525e-06;0.011008369921366562
1.49550e-06;0.010990837814391696
1.49575e-06;0.010973305707416846
1.49600e-06;0.010955773600441981
1.49625e-06;0.010938241493467131
1.49650e-06;0.010920709386492268
1.49675e-06;0.010903177279517418
1.49700e-06;0.010885645172542568
1.49725e-06;0.010868113065567703
1.49750e-06;0.010850580958592853
1.49775e-06;0.010833048851617988
1.49800e-06;0.010815516744643138
1.49825e-06;0.010800720142343779
1.49850e-06;0.010786177580833431
1.49875e-06;0.010771635019323095
1.49900e-06;0.010757092457812749
1.49925e-06;0.010742549896302413
1.49950e-06;0.010728007334792077
1.49975e-06;0.01071346477328173
