Time(s);Current(A)
4.75000e-06;0.001356897564991975
4.75025e-06;0.0013432410814945043
4.75050e-06;0.0013295845979969874
4.75075e-06;0.0013155370509879128
4.75100e-06;0.0012949857719337563
4.75125e-06;0.0012744344928795304
4.75150e-06;0.001253883213825374
4.75175e-06;0.001233331934771148
4.75200e-06;0.0012127806557169917
4.75225e-06;0.0011922293766628352
4.75250e-06;0.0011717028481831842
4.75275e-06;0.001151587943647516
4.75300e-06;0.0011314730391118477
4.75325e-06;0.0011113581345761113
4.75350e-06;0.001091243230040443
4.75375e-06;0.0010711283255047748
4.75400e-06;0.0010510134209690384
4.75425e-06;0.001031440480798035
4.75450e-06;0.001020880887308721
4.75475e-06;0.001010321293819371
4.75500e-06;0.0009997617003300568
4.75525e-06;0.0009892021068407426
4.75550e-06;0.0009786425133513927
4.75575e-06;0.0009680829198620785
4.75600e-06;0.0009575233263727286
4.75625e-06;0.0009469637328834144
4.75650e-06;0.0009364041393941003
4.75675e-06;0.0009258445459047503
4.75700e-06;0.0009152849524154362
4.75725e-06;0.0009130357069557418
4.75750e-06;0.000917403488353845
4.75775e-06;0.0009217712697519333
4.75800e-06;0.0009261390511500217
4.75825e-06;0.000930506832548125
4.75850e-06;0.0009348746139462133
4.75875e-06;0.0009392423953443017
4.75900e-06;0.0009436101767424049
4.75925e-06;0.0009479779581404933
4.75950e-06;0.0009523457395385817
4.75975e-06;0.0009567135209366848
4.76000e-06;0.0009615758217244631
4.76025e-06;0.0009746624172970356
4.76050e-06;0.000987749012869564
4.76075e-06;0.0010008356084420921
4.76100e-06;0.0010139222040146648
4.76125e-06;0.0010270087995871932
4.76150e-06;0.0010400953951597213
4.76175e-06;0.001053181990732294
4.76200e-06;0.0010672209691523322
4.76225e-06;0.0010820182723570706
4.76250e-06;0.0010968155755618591
4.76275e-06;0.0011116128787665976
4.76300e-06;0.0011264101819713362
4.76325e-06;0.0011412074851761247
4.76350e-06;0.0011560047883808632
4.76375e-06;0.0011705646663134677
4.76400e-06;0.0011811759520018593
4.76425e-06;0.0011917872376902149
4.76450e-06;0.0012023985233786064
4.76475e-06;0.001213009809066962
4.76500e-06;0.0012236210947553176
4.76525e-06;0.0012342323804437091
4.76550e-06;0.0012448436661320647
4.76575e-06;0.0012548535174088996
4.76600e-06;0.0012548609825414117
4.76625e-06;0.0012548684476739239
4.76650e-06;0.001254875912806436
4.76675e-06;0.0012548833779389482
4.76700e-06;0.0012548908430714603
4.76725e-06;0.0012548983082039725
4.76750e-06;0.0012549057733364846
4.76775e-06;0.0012542461595858542
4.76800e-06;0.0012424924340770026
4.76825e-06;0.0012307387085681114
4.76850e-06;0.0012189849830592599
4.76875e-06;0.0012072312575503686
4.76900e-06;0.001195477532041517
4.76925e-06;0.0011837238065326658
4.76950e-06;0.0011719700810237743
4.76975e-06;0.0011556224951137903
4.77000e-06;0.0011356170963734238
4.77025e-06;0.0011156116976329894
4.77050e-06;0.001095606298892623
4.77075e-06;0.0010756009001522562
4.77100e-06;0.001055595501411822
4.77125e-06;0.0010355901026714554
4.77150e-06;0.0010154152415256525
4.77175e-06;0.0009924220707140904
4.77200e-06;0.0009694288999026061
4.77225e-06;0.0009464357290911218
4.77250e-06;0.0009234425582795597
4.77275e-06;0.0009004493874680754
4.77300e-06;0.0008775790837950256
4.77325e-06;0.000856752169292097
4.77350e-06;0.0008359252547891683
4.77375e-06;0.0008150983402861691
4.77400e-06;0.0007942714257832404
4.77425e-06;0.0007734445112803118
4.77450e-06;0.0007528861166313873
4.77475e-06;0.000736793444618641
4.77500e-06;0.0007207007726058946
4.77525e-06;0.0007048323522693875
4.77550e-06;0.0006926934356241884
4.77575e-06;0.0006807530126636977
4.77600e-06;0.0006721137152155697
4.77625e-06;0.0006636783539091421
4.77650e-06;0.0006586346309871597
4.77675e-06;0.000653800029149908
4.77700e-06;0.0006524432958855065
4.77725e-06;0.0006512988613611932
4.77750e-06;0.0006536851426280017
4.77775e-06;0.0006562762332726984
4.77800e-06;0.0006622734849919551
4.77825e-06;0.0006685079301110762
4.77850e-06;0.0006786871112286406
4.77875e-06;0.0006888662923462396
4.77900e-06;0.0006993032294576071
4.77925e-06;0.0007140268766882222
4.77950e-06;0.0007287505239188873
4.77975e-06;0.0007436891600293607
4.78000e-06;0.0007622032513335536
4.78025e-06;0.0007807173426378093
4.78050e-06;0.0007994441250056529
4.78075e-06;0.0008217081478514278
4.78100e-06;0.0008439721706972782
4.78125e-06;0.000866236193543053
4.78150e-06;0.0008885002163888279
4.78175e-06;0.0009107642392346782
4.78200e-06;0.0009330993518702646
4.78225e-06;0.0009566167505772921
4.78250e-06;0.0009801341492842398
4.78275e-06;0.0010036515479911875
4.78300e-06;0.001027168946698215
4.78325e-06;0.001050686345405163
4.78350e-06;0.0010739838751239357
4.78375e-06;0.0010936247891332653
4.78400e-06;0.0011132657031425284
4.78425e-06;0.0011329066171517916
4.78450e-06;0.0011525475311611212
4.78475e-06;0.0011721884451703843
4.78500e-06;0.0011912649030459926
4.78525e-06;0.0012009539562561448
4.78550e-06;0.001210643009466264
4.78575e-06;0.0012203320626763836
4.78600e-06;0.0012300211158865358
4.78625e-06;0.0012397101690966553
4.78650e-06;0.0012488326367312945
4.78675e-06;0.001248532285200981
4.78700e-06;0.0012482319336706675
4.78725e-06;0.0012475333072010986
4.78750e-06;0.001240211016288828
4.78775e-06;0.0012328887253765576
4.78800e-06;0.001225183744617577
4.78825e-06;0.0012111142932879682
4.78850e-06;0.0011970448419583596
4.78875e-06;0.0011826379615988423
4.78900e-06;0.0011626193380779117
4.78925e-06;0.001142600714556981
4.78950e-06;0.0011222836720585162
4.78975e-06;0.0010970036580676174
4.79000e-06;0.0010717236440767183
4.79025e-06;0.0010461495458253022
4.79050e-06;0.0010156845662593365
4.79075e-06;0.0009852195866932674
4.79100e-06;0.0009547546071273017
4.79125e-06;0.0009242896275613359
4.79150e-06;0.0008938246479952669
4.79175e-06;0.0008618543896565804
4.79200e-06;0.0008286855689923041
4.79225e-06;0.0007955167483279153
4.79250e-06;0.0007623479276636389
4.79275e-06;0.0007291791069993625
4.79300e-06;0.0006961018704140415
4.79325e-06;0.0006645477580526847
4.79350e-06;0.0006329936456913279
4.79375e-06;0.0006014452504285021
4.79400e-06;0.0005727887932347343
4.79425e-06;0.0005609762782035502
4.79450e-06;0.000521748570134175
4.79475e-06;0.000501338535610763
4.79500e-06;0.00047822207612274726
4.79525e-06;0.00045526989181297715
4.79550e-06;0.0004365908408654844
4.79575e-06;0.0004205142897340846
4.79600e-06;0.00040696813451344233
4.79625e-06;0.0003961039714461723
4.79650e-06;0.00038782117852934343
4.79675e-06;0.0003823067749423583
4.79700e-06;0.00037935413231639714
4.79725e-06;0.0003791472372726809
4.79750e-06;0.0003822920468748069
4.79775e-06;0.00038825936073925776
4.79800e-06;0.000396893918218442
4.79825e-06;0.0004081805910263657
4.79850e-06;0.0004219462193522073
4.79875e-06;0.0004382402641723844
4.79900e-06;0.00045777372198896283
4.79925e-06;0.00047748521157066343
4.79950e-06;0.0005017207569954079
4.79975e-06;0.0005261002077341575
4.80000e-06;0.0005541365096898332
4.80025e-06;0.0005823154868299542
4.80050e-06;0.0006141200557403046
4.80075e-06;0.0006459246246507628
4.80100e-06;0.0006778779759767208
4.80125e-06;0.0007136121130312536
4.80150e-06;0.0007493462500859074
4.80175e-06;0.0007850803871404402
4.80200e-06;0.000820814524194973
4.80225e-06;0.0008565677410757417
4.80250e-06;0.0008928058051338668
4.80275e-06;0.0009290438691919918
4.80300e-06;0.0009652819332502396
4.80325e-06;0.0010015199973083646
4.80350e-06;0.0010376327067282971
4.80375e-06;0.0010705599655997928
4.80400e-06;0.0011034872244712886
4.80425e-06;0.0011362189599740185
4.80450e-06;0.0011639821515845932
4.80475e-06;0.001191745343195168
4.80500e-06;0.0012192348796657784
4.80525e-06;0.0012397704260207279
4.80550e-06;0.0012603059723756773
4.80575e-06;0.0012805234657971424
4.80600e-06;0.0012926587541648112
4.80625e-06;0.0013047940425324799
4.80650e-06;0.0013165954923456827
4.80675e-06;0.0013199136006535014
4.80700e-06;0.0013232317089613198
4.80725e-06;0.0013262115298259154
4.80750e-06;0.0013205949562090531
4.80775e-06;0.0013149783825921718
4.80800e-06;0.00130904272609749
4.80825e-06;0.0012949986921131466
4.80850e-06;0.0012809546581287559
4.80875e-06;0.0012666226820182015
4.80900e-06;0.0012449736619150847
4.80925e-06;0.0012233246418118947
4.80950e-06;0.0012014285849690188
4.80975e-06;0.0011732549517387897
4.81000e-06;0.0011450813185084649
4.81025e-06;0.0011167158409109692
4.81050e-06;0.0010834753084084372
4.81075e-06;0.0010502347759057927
4.81100e-06;0.0010168380371615685
4.81125e-06;0.0009794718620688117
4.81150e-06;0.0009421056869759282
4.81175e-06;0.0009047395118831715
4.81200e-06;0.0008673733367902882
4.81225e-06;0.0008299842211234278
4.81250e-06;0.0007920121508466906
4.81275e-06;0.0007540400805698248
4.81300e-06;0.0007160680102930875
4.81325e-06;0.0006780959400163503
4.81350e-06;0.0006402277608407748
4.81375e-06;0.0006049996113410307
4.81400e-06;0.0005698864666426796
4.81425e-06;0.0005376957675122738
4.81450e-06;0.0005056585159233933
4.81475e-06;0.0004775205979437729
4.81500e-06;0.0004495222166474198
4.81525e-06;0.0004251757169090545
4.81550e-06;0.00040363524371882307
4.81575e-06;0.0003850363089537212
4.81600e-06;0.0003694346648507068
4.81625e-06;0.00035686719879607614
4.81650e-06;0.00034736828170178237
4.81675e-06;0.0003409750759168754
4.81700e-06;0.0003377213888827351
4.81725e-06;0.00033765151169992306
4.81750e-06;0.00034079872447471694
4.81775e-06;0.0003471244718727509
4.81800e-06;0.00035654036400069354
4.81825e-06;0.00036894607535220905
4.81850e-06;0.0003842397581429065
4.81875e-06;0.000402321347050373
4.81900e-06;0.00042308866105643476
4.81925e-06;0.0004464904647539643
4.81950e-06;0.00047341991893344495
4.81975e-06;0.0005005134284550761
4.82000e-06;0.0005317758318092307
4.82025e-06;0.0005631741888971861
4.82050e-06;0.0005980273355416135
4.82075e-06;0.0006330093137309389
4.82100e-06;0.0006712650959079899
4.82125e-06;0.0007095208780851704
4.82150e-06;0.0007478780404155303
4.82175e-06;0.0007888114254412401
4.82200e-06;0.0008297448104670887
4.82225e-06;0.0008706781954927985
4.82250e-06;0.0009116115805185084
4.82275e-06;0.0009524765753406503
4.82300e-06;0.0009916036718744256
4.82325e-06;0.0010307307684082009
4.82350e-06;0.0010698578649421088
4.82375e-06;0.0011089849614758843
4.82400e-06;0.001147890948240948
4.82425e-06;0.0011811782020927524
4.82450e-06;0.0012144654559444444
4.82475e-06;0.0012474865713380107
4.82500e-06;0.0012737447068628994
4.82525e-06;0.0013000028423877882
4.82550e-06;0.001326009279242555
4.82575e-06;0.0013456196730349459
4.82600e-06;0.0013652300668273367
4.82625e-06;0.0013845784154917393
4.82650e-06;0.001397267801986197
4.82675e-06;0.0014099571884806548
4.82700e-06;0.0014223741672275063
4.82725e-06;0.0014278688540024158
4.82750e-06;0.0014333635407773253
4.82775e-06;0.00143862509285451
4.82800e-06;0.0014379623404273492
4.82825e-06;0.0014372995880001884
4.82850e-06;0.0014364117949729823
4.82875e-06;0.0014298053806797327
4.82900e-06;0.001423198966386461
4.82925e-06;0.0014163002903715349
4.82950e-06;0.0014019748029441214
4.82975e-06;0.0013876493155166596
4.83000e-06;0.0013733238280892461
4.83025e-06;0.0013589983406618327
4.83050e-06;0.0013446728532343706
4.83075e-06;0.0013303473658069572
4.83100e-06;0.0013157900389304538
4.83125e-06;0.0012953413217747576
4.83150e-06;0.001274892604619131
4.83175e-06;0.001254443887463504
4.83200e-06;0.0012339951703078079
4.83225e-06;0.0012135464531521812
4.83250e-06;0.0011930977359965542
4.83275e-06;0.00117267889784275
4.83300e-06;0.001153019330218415
4.83325e-06;0.0011333597625940133
4.83350e-06;0.0011137001949696784
4.83375e-06;0.0010940406273453435
4.83400e-06;0.0010743810597209419
4.83425e-06;0.001054721492096607
4.83450e-06;0.001035061924472272
4.83475e-06;0.0010196243470121703
4.83500e-06;0.0010078143540977744
4.83525e-06;0.0009960043611833785
4.83550e-06;0.0009841943682689428
4.83575e-06;0.0009723843753545469
4.83600e-06;0.0009605743824401511
4.83625e-06;0.0009487643895257152
4.83650e-06;0.0009372204472087944
4.83675e-06;0.0009324372520757839
4.83700e-06;0.0009276540569427571
4.83725e-06;0.0009230220013436568
4.83750e-06;0.0009222306293884282
4.83775e-06;0.0009214392574332023
4.83800e-06;0.0009207838542719988
4.83825e-06;0.0009235836233593925
4.83850e-06;0.0009263833924467767
4.83875e-06;0.0009293953320562798
4.83900e-06;0.0009377988448219616
4.83925e-06;0.0009462023575876151
4.83950e-06;0.0009546058703532685
4.83975e-06;0.0009630093831189504
4.84000e-06;0.0009714128958846039
4.84025e-06;0.0009798164086502572
4.84050e-06;0.0009882199214159392
4.84075e-06;0.0009967990080761357
4.84100e-06;0.0010098396923561214
4.84125e-06;0.0010228803766361514
4.84150e-06;0.0010359210609161371
4.84175e-06;0.001048961745196167
4.84200e-06;0.0010620024294761528
4.84225e-06;0.0010750431137561385
4.84250e-06;0.0010880837980361683
4.84275e-06;0.001101073812478281
4.84300e-06;0.00111277622987429
4.84325e-06;0.0011244786472703386
4.84350e-06;0.0011361810646663476
4.84375e-06;0.0011478834820623565
4.84400e-06;0.0011595858994584052
4.84425e-06;0.0011712883168544142
4.84450e-06;0.0011829907342504231
4.84475e-06;0.0011946931516464718
4.84500e-06;0.0012063955690424808
4.84525e-06;0.0012178091562963205
4.84550e-06;0.0012218831337667323
4.84575e-06;0.0012259571112371304
4.84600e-06;0.001230031088707542
4.84625e-06;0.00123410506617794
4.84650e-06;0.0012381790436483378
4.84675e-06;0.0012422530211187498
4.84700e-06;0.0012463269985891476
4.84725e-06;0.0012504009760595455
4.84750e-06;0.0012544749535299572
4.84775e-06;0.0012582999599785425
4.84800e-06;0.0012557982370453252
4.84825e-06;0.0012532965141120993
4.84850e-06;0.0012507947911788821
4.84875e-06;0.0012482930682456647
4.84900e-06;0.001245791345312439
4.84925e-06;0.001241298463705585
4.84950e-06;0.001235094754704696
4.84975e-06;0.001228891045703786
4.85000e-06;0.001222687336702897
4.85025e-06;0.001216483627701987
4.85050e-06;0.0012102176083467699
4.85075e-06;0.001202320096159306
4.85100e-06;0.0011932004759412805
4.85125e-06;0.0011840808557232857
4.85150e-06;0.001174961235505291
4.85175e-06;0.0011658416152872655
4.85200e-06;0.0011567219950692708
4.85225e-06;0.0011476023748512763
4.85250e-06;0.0011384827546332505
4.85275e-06;0.001129363134415256
4.85300e-06;0.001120649748248445
4.85325e-06;0.0011122854032465912
4.85350e-06;0.001103921058244766
4.85375e-06;0.0010955567132429403
4.85400e-06;0.0010871923682410866
4.85425e-06;0.0010788280232392612
4.85450e-06;0.0010704636782374074
4.85475e-06;0.001062099333235582
4.85500e-06;0.0010537512539229251
4.85525e-06;0.0010458165103178763
4.85550e-06;0.0010378817667128543
4.85575e-06;0.0010299470231078323
4.85600e-06;0.0010220122795027836
4.85625e-06;0.0010140775358977617
4.85650e-06;0.0010061427922927397
4.85675e-06;0.000998208048687691
4.85700e-06;0.000990273305082669
4.85725e-06;0.000982338561477647
4.85750e-06;0.0009744038178725983
4.85775e-06;0.0009664690742675764
4.85800e-06;0.0009585343306625544
4.85825e-06;0.0009505995870575057
4.85850e-06;0.0009425118367638989
4.85875e-06;0.0009305359556191879
4.85900e-06;0.0009185600744745174
4.85925e-06;0.0009065841933298468
4.85950e-06;0.0008946083121851358
4.85975e-06;0.0008826324310404653
4.86000e-06;0.0008706565498957947
4.86025e-06;0.0008586806687510837
4.86050e-06;0.0008467047876064132
4.86075e-06;0.0008347289064617427
4.86100e-06;0.0008227530253170316
4.86125e-06;0.000810777144172361
4.86150e-06;0.0007988012630276906
4.86175e-06;0.0007868253818829796
4.86200e-06;0.0007748851450115684
4.86225e-06;0.0007638506829121033
4.86250e-06;0.000752816220812601
4.86275e-06;0.0007417817587131359
4.86300e-06;0.0007307472966136335
4.86325e-06;0.0007197128345141684
4.86350e-06;0.0007086783724147034
4.86375e-06;0.000697643910315201
4.86400e-06;0.0006866094482157359
4.86425e-06;0.0006755749861162709
4.86450e-06;0.0006645405240167685
4.86475e-06;0.0006535060619173034
4.86500e-06;0.0006424715998178383
4.86525e-06;0.000631656945585869
4.86550e-06;0.0006264279409629306
4.86575e-06;0.000621198936339992
4.86600e-06;0.0006159699317170357
4.86625e-06;0.0006107409270940972
4.86650e-06;0.0006055119224711586
4.86675e-06;0.0006002829178482023
4.86700e-06;0.0005950539132252639
4.86725e-06;0.0005898249086023075
4.86750e-06;0.000584595903979369
4.86775e-06;0.0005793668993564305
4.86800e-06;0.0005741378947334742
4.86825e-06;0.0005689088901105356
4.86850e-06;0.0005638185179859969
4.86875e-06;0.0005622510068440141
4.86900e-06;0.0005606834957020366
4.86925e-06;0.000559115984560059
4.86950e-06;0.0005575484734180762
4.86975e-06;0.0005559809622760986
4.87000e-06;0.0005544134511341211
4.87025e-06;0.0005528459399921383
4.87050e-06;0.0005512784288501608
4.87075e-06;0.0005497109177081832
4.87100e-06;0.0005481434065662004
4.87125e-06;0.0005466328778110436
4.87150e-06;0.0005465703574916167
4.87175e-06;0.0005465078371721902
4.87200e-06;0.0005464453168527635
4.87225e-06;0.0005463827965333368
4.87250e-06;0.0005463202762139101
4.87275e-06;0.0005462577558944836
4.87300e-06;0.0005461952355750567
4.87325e-06;0.0005461327152556302
4.87350e-06;0.0005460701949362035
4.87375e-06;0.0005460076746167768
4.87400e-06;0.0005459701717353629
4.87425e-06;0.000546568399705017
4.87450e-06;0.0005471666276746732
4.87475e-06;0.0005477648556443274
4.87500e-06;0.0005483630836139815
4.87525e-06;0.0005489613115836376
4.87550e-06;0.0005495595395532918
4.87575e-06;0.000550157767522948
4.87600e-06;0.0005507559954926021
4.87625e-06;0.0005513542234622563
4.87650e-06;0.0005519524514319124
4.87675e-06;0.0005525506794015665
4.87700e-06;0.0005544692404219123
4.87725e-06;0.0005575222474214417
4.87750e-06;0.0005605752544209607
4.87775e-06;0.0005636282614204797
4.87800e-06;0.0005666812684200091
4.87825e-06;0.000569734275419528
4.87850e-06;0.0005727872824190471
4.87875e-06;0.0005758402894185764
4.87900e-06;0.0005788932964180954
4.87925e-06;0.0005819463034176145
4.87950e-06;0.0005849993104171438
4.87975e-06;0.0005881278587126837
4.88000e-06;0.0005931760253300606
4.88025e-06;0.0005982241919474205
4.88050e-06;0.0006032723585647804
4.88075e-06;0.0006083205251821574
4.88100e-06;0.0006133686917995173
4.88125e-06;0.0006184168584168772
4.88150e-06;0.0006234650250342542
4.88175e-06;0.0006285131916516141
4.88200e-06;0.0006335613582689739
4.88225e-06;0.0006385362022404723
4.88250e-06;0.000643448046515971
4.88275e-06;0.0006483598907914698
4.88300e-06;0.0006532717350669852
4.88325e-06;0.0006581835793424839
4.88350e-06;0.0006630954236179828
4.88375e-06;0.0006680072678934982
4.88400e-06;0.000672919112168997
4.88425e-06;0.0006778309564445124
4.88450e-06;0.0006826201055585173
4.88475e-06;0.0006842913854770575
4.88500e-06;0.0006859626653956033
4.88525e-06;0.0006876339453141436
4.88550e-06;0.0006893052252326837
4.88575e-06;0.0006909765051512296
4.88600e-06;0.0006926477850697698
4.88625e-06;0.00069431906498831
4.88650e-06;0.0006959903449068559
4.88675e-06;0.0006976616248253961
4.88700e-06;0.0006993329047439362
4.88725e-06;0.0007010041846624821
4.88750e-06;0.0007026754645810224
4.88775e-06;0.0007043467444995625
4.88800e-06;0.0007036136738169526
4.88825e-06;0.0007008147562860889
4.88850e-06;0.0006980158387552156
4.88875e-06;0.0006952169212243519
4.88900e-06;0.0006924180036934882
4.88925e-06;0.000689619086162615
4.88950e-06;0.0006868201686317512
4.88975e-06;0.0006840212511008875
4.89000e-06;0.0006812223335700144
4.89025e-06;0.0006784234160391507
4.89050e-06;0.0006756244985082868
4.89075e-06;0.0006728255809774137
4.89100e-06;0.00067002666344655
4.89125e-06;0.0006671627945638018
4.89150e-06;0.0006626484138221421
4.89175e-06;0.0006581340330804976
4.89200e-06;0.0006536196523388533
4.89225e-06;0.0006491052715971936
4.89250e-06;0.0006445908908555492
4.89275e-06;0.0006400765101138894
4.89300e-06;0.0006355621293722451
4.89325e-06;0.0006310477486306007
4.89350e-06;0.0006269332520009812
4.89375e-06;0.0006231623405922826
4.89400e-06;0.0006193914291835839
4.89425e-06;0.0006156205177748726
4.89450e-06;0.0006118496063661739
4.89475e-06;0.0006080786949574753
4.89500e-06;0.000604307783548764
4.89525e-06;0.0006005368721400653
4.89550e-06;0.0005966276635382325
4.89575e-06;0.0005892041145790117
4.89600e-06;0.0005817805656198161
4.89625e-06;0.0005743570166606205
4.89650e-06;0.0005669334677013998
4.89675e-06;0.0005595099187422042
4.89700e-06;0.0005520863697829833
4.89725e-06;0.0005446628208237877
4.89750e-06;0.0005372392718645922
4.89775e-06;0.0005298157229053714
4.89800e-06;0.0005221152705117309
4.89825e-06;0.0005073782840254897
4.89850e-06;0.0004926412975391985
4.89875e-06;0.00047790431105295734
4.89900e-06;0.0004631673245667161
4.89925e-06;0.00044843033808042497
4.89950e-06;0.00043369335159418375
4.89975e-06;0.00041895636510794253
4.90000e-06;0.0004042193786216514
4.90025e-06;0.0003894823921354101
4.90050e-06;0.000374603310449233
4.90075e-06;0.0003561133753242495
4.90100e-06;0.0003376234401993287
4.90125e-06;0.0003191335050743453
4.90150e-06;0.0003006435699494244
4.90175e-06;0.0002818639063620907
4.90200e-06;0.0002628353046079905
4.90225e-06;0.0002438067028539549
4.90250e-06;0.0002247781010999192
4.90275e-06;0.0002057763312775674
4.90300e-06;0.00018745640132762816
4.90325e-06;0.00016917086725288928
4.90350e-06;0.0001517593842667675
4.90375e-06;0.0001343804398403557
4.90400e-06;0.00011785593824409645
4.90425e-06;0.00010206470366571701
4.90450e-06;8.712827315034075e-05
4.90475e-06;7.316825238729404e-05
4.90500e-06;6.031553914032905e-05
4.90525e-06;4.889424545043798e-05
4.90550e-06;3.948886950499989e-05
4.90575e-06;3.253485061835104e-05
4.90600e-06;2.8114898753274862e-05
4.90625e-06;2.6184530041811435e-05
4.90650e-06;2.6699247676465593e-05
4.90675e-06;2.961458982831743e-05
4.90700e-06;3.489193249678702e-05
4.90725e-06;4.261366046535167e-05
4.90750e-06;5.302524797459547e-05
4.90775e-06;6.627877297260386e-05
4.90800e-06;8.23053613437668e-05
4.90825e-06;0.00010095645313653119
4.90850e-06;0.0001220835026758094
4.90875e-06;0.0001455380032429426
4.90900e-06;0.00017117508306262652
4.90925e-06;0.00019892570617114155
4.90950e-06;0.00022882298162300204
4.90975e-06;0.0002608414882400281
4.91000e-06;0.00029484653521611213
4.91025e-06;0.00033127702215968483
4.91050e-06;0.00036780781295880476
4.91075e-06;0.0004068874760697017
4.91100e-06;0.0004460543204303687
4.91125e-06;0.0004874365718930976
4.91150e-06;0.0005288188233556863
4.91175e-06;0.0005702496945019811
4.91200e-06;0.0006129160651721104
4.91225e-06;0.000655582435842095
4.91250e-06;0.0006982488065120796
4.91275e-06;0.0007409151771822089
4.91300e-06;0.0007821141487458404
4.91325e-06;0.0008220523134138062
4.91350e-06;0.0008619904780819073
4.91375e-06;0.000901928642749873
4.91400e-06;0.0009416461853397526
4.91425e-06;0.0009757573880342283
4.91450e-06;0.001009868590728704
4.91475e-06;0.0010437220238095767
4.91500e-06;0.0010710251420682913
4.91525e-06;0.001098328260327006
4.91550e-06;0.001125483564697596
4.91575e-06;0.0011488826951388444
4.91600e-06;0.0011722818255800928
4.91625e-06;0.0011955354914638127
4.91650e-06;0.0012150926834541287
4.91675e-06;0.0012346498754444446
4.91700e-06;0.001253955695553824
4.91725e-06;0.0012668737768844471
4.91750e-06;0.0012797918582150706
4.91775e-06;0.0012927099395457376
4.91800e-06;0.001305628020876361
4.91825e-06;0.001318546102207028
4.91850e-06;0.0013314641835376515
4.91875e-06;0.0013443822648682748
4.91900e-06;0.0013573003461989418
4.91925e-06;0.0013702184275295652
4.91950e-06;0.0013797140296058067
4.91975e-06;0.0013862689964963283
4.92000e-06;0.0013928239633868276
4.92025e-06;0.0013993789302773271
4.92050e-06;0.0014059338971678485
4.92075e-06;0.001412488864058348
4.92100e-06;0.0014190438309488473
4.92125e-06;0.001425598797839369
4.92150e-06;0.0014321537647298684
4.92175e-06;0.0014385585345932067
4.92200e-06;0.0014411465713737716
4.92225e-06;0.0014437346081543276
4.92250e-06;0.0014463226449348925
4.92275e-06;0.0014489106817154485
4.92300e-06;0.0014514987184960045
4.92325e-06;0.0014540867552765694
4.92350e-06;0.0014566747920571254
4.92375e-06;0.0014592628288376814
4.92400e-06;0.0014618508656182461
4.92425e-06;0.0014644389023988021
4.92450e-06;0.0014670269391793584
4.92475e-06;0.001469614975959923
4.92500e-06;0.001472203012740479
4.92525e-06;0.001474791049521035
4.92550e-06;0.0014771946372540926
4.92575e-06;0.0014749110963893073
4.92600e-06;0.0014726275555245218
4.92625e-06;0.0014703440146597285
4.92650e-06;0.001468060473794943
4.92675e-06;0.0014657769329301496
4.92700e-06;0.001463493392065364
4.92725e-06;0.0014612098512005788
4.92750e-06;0.0014589263103357854
4.92775e-06;0.001456642769471
4.92800e-06;0.0014543592286062144
4.92825e-06;0.001452075687741421
4.92850e-06;0.0014497921468766355
4.92875e-06;0.0014475086060118502
4.92900e-06;0.0014452250651470569
4.92925e-06;0.0014427636471895855
4.92950e-06;0.0014357821039243024
4.92975e-06;0.0014288005606589956
4.93000e-06;0.0014218190173937125
4.93025e-06;0.0014148374741284294
4.93050e-06;0.0014078559308631227
4.93075e-06;0.0014008743875978395
4.93100e-06;0.0013938928443325564
4.93125e-06;0.0013869113010672497
4.93150e-06;0.0013799297578019666
4.93175e-06;0.0013729482145366598
4.93200e-06;0.001365957797268977
4.93225e-06;0.0013587418782112233
4.93250e-06;0.0013515259591534447
4.93275e-06;0.001344310040095691
4.93300e-06;0.0013370941210379369
4.93325e-06;0.0013298782019801583
4.93350e-06;0.0013226622829224045
4.93375e-06;0.0013154463638646505
4.93400e-06;0.0013082304448068722
4.93425e-06;0.0013010145257491181
4.93450e-06;0.0012937986066913643
4.93475e-06;0.0012865700197874572
4.93500e-06;0.0012790195238003184
4.93525e-06;0.0012714690278131796
4.93550e-06;0.001263918531826015
4.93575e-06;0.0012563680358388762
4.93600e-06;0.0012488175398517117
4.93625e-06;0.0012412670438645729
4.93650e-06;0.0012337165478774341
4.93675e-06;0.001221859914958906
4.93700e-06;0.001206303397591348
4.93725e-06;0.0011907468802237898
4.93750e-06;0.001175190362856179
4.93775e-06;0.0011596338454886207
4.93800e-06;0.0011440773281210627
4.93825e-06;0.0011285208107534518
4.93850e-06;0.0011126531310257275
4.93875e-06;0.001088878346250987
4.93900e-06;0.0010651035614761659
4.93925e-06;0.0010413287767014252
4.93950e-06;0.0010175539919266845
4.93975e-06;0.0009937792071518633
4.94000e-06;0.0009700044223771228
4.94025e-06;0.000943491403077515
4.94050e-06;0.0009146256598639744
4.94075e-06;0.0008857599166504338
4.94100e-06;0.0008568941734367954
4.94125e-06;0.0008280284302232549
4.94150e-06;0.0007991626870097143
4.94175e-06;0.0007702588407658048
4.94200e-06;0.0007403867390342063
4.94225e-06;0.000710514637302608
4.94250e-06;0.0006806425355709083
4.94275e-06;0.00065077043383931
4.94300e-06;0.0006210097575977727
4.94325e-06;0.000594080571173441
4.94350e-06;0.0005671513847492005
4.94375e-06;0.00054022219832496
4.94400e-06;0.0005132930119006283
4.94425e-06;0.00048651776426402935
4.94450e-06;0.0004636543334780054
4.94475e-06;0.00044091663981509323
4.94500e-06;0.0004213741161553275
4.94525e-06;0.00040192707757891535
4.94550e-06;0.0003849064590358865
4.94575e-06;0.0003679516487479975
4.94600e-06;0.00035266912551170824
4.94625e-06;0.0003374658932862168
4.94650e-06;0.0003242775652743241
4.94675e-06;0.00031118182976003184
4.94700e-06;0.00030043900930992707
4.94725e-06;0.00028976783903633565
4.94750e-06;0.0002809174078501586
4.94775e-06;0.0002721180454039107
4.94800e-06;0.00026461641668836574
4.94825e-06;0.0002571723146170934
4.94850e-06;0.00025119005137054225
4.94875e-06;0.00024527165586729985
4.94900e-06;0.00024097623608210575
4.94925e-06;0.00023672957537593567
4.94950e-06;0.00023372195643269617
4.94975e-06;0.00023074821793363053
4.95000e-06;0.00022863543263758156
4.95025e-06;0.00022656820905723356
4.95050e-06;0.00022565877741375997
4.95075e-06;0.00022474934577028634
4.95100e-06;0.00022388888294127383
4.95125e-06;0.0002242727915688286
4.95150e-06;0.00022465670019638338
4.95175e-06;0.00022507448117888964
4.95200e-06;0.00022635300980505157
4.95225e-06;0.00022763153843121352
4.95250e-06;0.00022891006705737978
4.95275e-06;0.0002301885956835417
4.95300e-06;0.000231467124309708
4.95325e-06;0.00023297581295480922
4.95350e-06;0.00023468225784597835
4.95375e-06;0.00023638870273715327
4.95400e-06;0.00023809514762832243
4.95425e-06;0.00023980159251949155
4.95450e-06;0.00024149635173136905
4.95475e-06;0.00024289416020182187
4.95500e-06;0.0002442919686722747
4.95525e-06;0.00024572957104239407
4.95550e-06;0.0002481783964408541
4.95575e-06;0.00025070214752496154
4.95600e-06;0.00025512987332342697
4.95625e-06;0.00025962470821426015
4.95650e-06;0.0002658248863913561
4.95675e-06;0.0002720843493540277
4.95700e-06;0.00027985032816161117
4.95725e-06;0.0002876952905395331
4.95750e-06;0.00029754734460276386
4.95775e-06;0.0003074907459744502
4.95800e-06;0.00031975542027109436
4.95825e-06;0.0003320975359765605
4.95850e-06;0.0003464075547180862
4.95875e-06;0.00036079738954372724
4.95900e-06;0.0003772154714848103
4.95925e-06;0.0003936335534258934
4.95950e-06;0.0004101519583233242
4.95975e-06;0.000429219720898126
4.96000e-06;0.0004482874834729279
4.96025e-06;0.00046744472370235685
4.96050e-06;0.0004888757261295947
4.96075e-06;0.0005103067285568325
4.96100e-06;0.0005317377309841428
4.96125e-06;0.0005531687334113806
4.96150e-06;0.0005745997358386909
4.96175e-06;0.0005964973995372468
4.96200e-06;0.0006187960241916251
4.96225e-06;0.0006410946488460789
4.96250e-06;0.0006633932735004573
4.96275e-06;0.0006856918981548355
4.96300e-06;0.0007079021786810153
4.96325e-06;0.0007278675016232282
4.96350e-06;0.000747832824565441
4.96375e-06;0.0007677981475077215
4.96400e-06;0.0007877634704499344
4.96425e-06;0.0008077287933921472
4.96450e-06;0.0008244316371291315
4.96475e-06;0.0008383313196421505
4.96500e-06;0.0008522310021551697
4.96525e-06;0.0008661306846682358
4.96550e-06;0.000880030367181255
4.96575e-06;0.0008936531032952939
4.96600e-06;0.0009002382135846489
4.96625e-06;0.0009068233238740041
4.96650e-06;0.0009131953356228392
4.96675e-06;0.0009141521919580421
4.96700e-06;0.0009151090482932449
4.96725e-06;0.0009158457184262286
4.96750e-06;0.0009109871249697815
4.96775e-06;0.0009061285315133344
4.96800e-06;0.000901060954150719
4.96825e-06;0.0008906827804430451
4.96850e-06;0.0008803046067353711
4.96875e-06;0.0008697400101887919
4.96900e-06;0.0008544381280546624
4.96925e-06;0.0008391362459205327
4.96950e-06;0.0008236717156152091
4.96975e-06;0.0008040740498980048
4.97000e-06;0.0007844763841807339
4.97025e-06;0.0007647236880594113
4.97050e-06;0.0007410314354793348
4.97075e-06;0.0007173391828991781
4.97100e-06;0.0006936469303191017
4.97125e-06;0.0006699546777390252
4.97150e-06;0.0006461706628606066
4.97175e-06;0.0006200548295446082
4.97200e-06;0.0005939389962286099
4.97225e-06;0.0005678231629125232
4.97250e-06;0.0005417073295965249
4.97275e-06;0.0005156235119160439
4.97300e-06;0.0004903532598348585
4.97325e-06;0.00046508300775375855
4.97350e-06;0.00043981275567265865
4.97375e-06;0.0004146739856658551
4.97400e-06;0.0003928763735310222
4.97425e-06;0.0003710787613961155
4.97450e-06;0.0003492811492612826
4.97475e-06;0.00032761387125750666
4.97500e-06;0.0003093425698258172
4.97525e-06;0.0002932055726792853
4.97550e-06;0.00027713385430719654
4.97575e-06;0.00026276092653263004
4.97600e-06;0.00024944636133186933
4.97625e-06;0.00023726937988233741
4.97650e-06;0.000226309215158545
4.97675e-06;0.00021664500446157196
4.97700e-06;0.00020835117120860246
4.97725e-06;0.0002014015733566689
4.97750e-06;0.0001956079383923072
4.97775e-06;0.00019079694307464306
4.97800e-06;0.00018693294317323272
4.97825e-06;0.0001840367042711303
4.97850e-06;0.0001821289902984441
4.97875e-06;0.00018123049838887653
4.97900e-06;0.00018137488059387526
4.97925e-06;0.00018287337134047902
4.97950e-06;0.000184426499451611
4.97975e-06;0.0001873680454237459
4.98000e-06;0.00019035737829079235
4.98025e-06;0.0001945610482504716
4.98050e-06;0.00019881009709624178
4.98075e-06;0.0002042122918979781
4.98100e-06;0.00020965948174424628
4.98125e-06;0.00021625006355372727
4.98150e-06;0.00022284064536323058
4.98175e-06;0.00022946415409217118
4.98200e-06;0.00023692438551927447
4.98225e-06;0.00024438461694640303
4.98250e-06;0.0002518448483735063
4.98275e-06;0.0002593050798006349
4.98300e-06;0.00026675981828993997
4.98325e-06;0.0002740749729429825
4.98350e-06;0.00028139012759604984
4.98375e-06;0.0002887052822490924
4.98400e-06;0.00029602043690213494
4.98425e-06;0.0003032860060596041
4.98450e-06;0.000309291532967967
4.98475e-06;0.0003152970598763299
4.98500e-06;0.0003212879749472041
4.98525e-06;0.00032690758118319996
4.98550e-06;0.0003325271874191959
4.98575e-06;0.0003381467936552108
4.98600e-06;0.0003437663998912067
4.98625e-06;0.00034943221124602593
4.98650e-06;0.0003562721643761602
4.98675e-06;0.0003631121175062713
4.98700e-06;0.0003699520706364056
4.98725e-06;0.0003767920237665167
4.98750e-06;0.00038372937060103513
4.98775e-06;0.000393141638394258
4.98800e-06;0.0004025539061874489
4.98825e-06;0.0004119661739806399
4.98850e-06;0.0004213784417738627
4.98875e-06;0.0004307907095670537
4.98900e-06;0.0004402029773602446
4.98925e-06;0.00044961524515346746
4.98950e-06;0.00045902751294665844
4.98975e-06;0.0004697416140607663
4.99000e-06;0.0004815742659621368
4.99025e-06;0.0004934069178634671
4.99050e-06;0.0005052395697647976
4.99075e-06;0.0005170722216661681
4.99100e-06;0.0005289048735674985
4.99125e-06;0.0005407375254688691
4.99150e-06;0.0005525701773701994
4.99175e-06;0.0005644089097994226
4.99200e-06;0.0005764021576155363
4.99225e-06;0.0005883954054316093
4.99250e-06;0.0006003886532476824
4.99275e-06;0.0006123819010637961
4.99300e-06;0.0006243751488798691
4.99325e-06;0.0006363683966959422
4.99350e-06;0.0006482615108262083
4.99375e-06;0.0006576100769379177
4.99400e-06;0.0006669586430496272
4.99425e-06;0.0006763072091613681
4.99450e-06;0.0006856557752730776
4.99475e-06;0.0006950043413847869
4.99500e-06;0.000704352907496528
4.99525e-06;0.0007134373939832277
4.99550e-06;0.0007158112188106084
4.99575e-06;0.000718185043637981
4.99600e-06;0.0007205588684653536
4.99625e-06;0.0007229326932927343
4.99650e-06;0.000725306518120107
4.99675e-06;0.0007276803429474796
4.99700e-06;0.0007300541677748604
4.99725e-06;0.000732427992602233
4.99750e-06;0.0007348018174296057
4.99775e-06;0.0007371756422569863
4.99800e-06;0.000734889768357867
4.99825e-06;0.0007286002254834558
4.99850e-06;0.0007223106826090235
4.99875e-06;0.0007160211397346125
4.99900e-06;0.0007097315968602015
4.99925e-06;0.0007034420539857691
4.99950e-06;0.000697152511111358
4.99975e-06;0.0006908629682369256
